# Made in Blockbench 4.9.4
mtllib animal_skull_1.mtl

o Base
v 0.593474178015283 0.2691601853047736 0.7020708184933744
v 0.6282011696989631 0.22132475625913728 0.5919308721677041
v 0.5790897870794853 0.15367524374086272 0.7476922780205117
v 0.6138167787631654 0.10583981469522641 0.6375523316948415
v 0.5089865508554348 0.22132475625913728 0.55434264722967
v 0.4742595591717548 0.2691601853047736 0.6644825935553402
v 0.49460215991963685 0.10583981469522641 0.5999641067568073
v 0.45987516823595687 0.15367524374086272 0.7101040530824776
vt 0.28125 0.5
vt 0.34375 0.5
vt 0.34375 0.4375
vt 0.28125 0.4375
vt 0.25 0.4375
vt 0.3125 0.4375
vt 0.3125 0.375
vt 0.25 0.375
vt 0.5625 0.625
vt 0.625 0.625
vt 0.625 0.5625
vt 0.5625 0.5625
vt 0.40625 0.4375
vt 0.46875 0.4375
vt 0.46875 0.375
vt 0.40625 0.375
vt 0.625 0.5
vt 0.5625 0.5
vt 0.5625 0.5625
vt 0.625 0.5625
vt 0.53125 0.4375
vt 0.46875 0.4375
vt 0.46875 0.375
vt 0.53125 0.375
vn 0.2778159334694405 -0.3826834323650898 -0.881119570605362
vn 0.953716950748227 -1.387778780781446e-17 0.300705799504273
vn -0.2778159334694405 0.3826834323650898 0.881119570605362
vn -0.953716950748227 1.387778780781446e-17 -0.300705799504273
vn 0.11507512748638372 0.9238795325112868 -0.36497167621709875
vn -0.11507512748638372 -0.9238795325112868 0.36497167621709875
usemtl m_c45c91da-b51a-862f-cf79-d69e2d63f577
f 4/4/1 7/3/1 5/2/1 2/1/1
f 3/8/2 4/7/2 2/6/2 1/5/2
f 8/12/3 3/11/3 1/10/3 6/9/3
f 7/16/4 8/15/4 6/14/4 5/13/4
f 6/20/5 1/19/5 2/18/5 5/17/5
f 7/24/6 4/23/6 3/22/6 8/21/6
o Base
v 0.6295568479865303 0.2537912607362388 0.743514468867635
v 0.6494910145463673 0.1875 0.6802913698170134
v 0.6096226814266936 0.1875 0.8067375679182562
v 0.6295568479865303 0.12120873926376119 0.743514468867635
v 0.5600800504137209 0.1875 0.652100201113488
v 0.5401458838538842 0.2537912607362388 0.7153233001641093
v 0.5401458838538842 0.12120873926376119 0.7153233001641093
v 0.5202117172940472 0.1875 0.7785463992147306
vt 0.53125 0.4375
vt 0.59375 0.4375
vt 0.59375 0.375
vt 0.53125 0.375
vt 0.59375 1
vt 0.65625 1
vt 0.65625 0.9375
vt 0.59375 0.9375
vt 0.0625 0.40625
vt 0.125 0.40625
vt 0.125 0.34375
vt 0.0625 0.34375
vt 0.59375 0.8125
vt 0.65625 0.8125
vt 0.65625 0.75
vt 0.59375 0.75
vt 0.375 0.34375
vt 0.3125 0.34375
vt 0.3125 0.40625
vt 0.375 0.40625
vt 0.65625 0.5
vt 0.59375 0.5
vt 0.59375 0.4375
vt 0.65625 0.4375
vn 0.21263110997159385 -0.7071067811865476 -0.6743797232066279
vn 0.953716950748227 2.775557561562892e-17 0.30070579950427306
vn -0.21263110997159385 0.7071067811865476 0.6743797232066279
vn -0.953716950748227 -2.775557561562892e-17 -0.30070579950427306
vn 0.21263110997159387 0.7071067811865475 -0.674379723206628
vn -0.21263110997159387 -0.7071067811865475 0.674379723206628
usemtl m_c45c91da-b51a-862f-cf79-d69e2d63f577
f 12/28/7 15/27/7 13/26/7 10/25/7
f 11/32/8 12/31/8 10/30/8 9/29/8
f 16/36/9 11/35/9 9/34/9 14/33/9
f 15/40/10 16/39/10 14/38/10 13/37/10
f 14/44/11 9/43/11 10/42/11 13/41/11
f 15/48/12 12/47/12 11/46/12 16/45/12
o Base
v 0.6387260788481268 0.29040291308792043 0.8079633392715997
v 0.6653049675945764 0.20201456543960195 0.7236658738707711
v 0.6254366344749025 0.2462087392637612 0.8501120719720139
v 0.6520155232213516 0.1578203916154427 0.7658146065711855
v 0.605697658172812 0.20201456543960195 0.7048717614017541
v 0.5791187694263629 0.29040291308792043 0.7891692268025825
v 0.5924082137995874 0.1578203916154427 0.7470204941021683
v 0.5658293250531381 0.2462087392637612 0.8313179595029969
vt 0.46875 0.9375
vt 0.5 0.9375
vt 0.5 0.90625
vt 0.46875 0.90625
vt 0.65625 1
vt 0.71875 1
vt 0.71875 0.96875
vt 0.65625 0.96875
vt 0.15625 0.53125
vt 0.1875 0.53125
vt 0.1875 0.5
vt 0.15625 0.5
vt 0.65625 0.96875
vt 0.71875 0.96875
vt 0.71875 0.9375
vt 0.65625 0.9375
vt 0.4375 0.65625
vt 0.40625 0.65625
vt 0.40625 0.71875
vt 0.4375 0.71875
vt 0.09375 0.5
vt 0.0625 0.5
vt 0.0625 0.4375
vt 0.09375 0.4375
vn 0.21263110997159385 -0.7071067811865476 -0.6743797232066279
vn 0.953716950748227 2.775557561562892e-17 0.30070579950427306
vn -0.21263110997159385 0.7071067811865476 0.6743797232066279
vn -0.953716950748227 -2.775557561562892e-17 -0.30070579950427306
vn 0.21263110997159387 0.7071067811865475 -0.674379723206628
vn -0.21263110997159387 -0.7071067811865475 0.674379723206628
usemtl m_c45c91da-b51a-862f-cf79-d69e2d63f577
f 20/52/13 23/51/13 21/50/13 18/49/13
f 19/56/14 20/55/14 18/54/14 17/53/14
f 24/60/15 19/59/15 17/58/15 22/57/15
f 23/64/16 24/63/16 22/62/16 21/61/16
f 22/68/17 17/67/17 18/66/17 21/65/17
f 23/72/18 20/71/18 19/70/18 24/69/18
o Base
v 0.29543763090646236 0.2691601853047736 0.6081002561482891
v 0.33016462259014245 0.22132475625913728 0.49796030982261874
v 0.28105323997066445 0.15367524374086272 0.6537217156754265
v 0.31578023165434443 0.10583981469522641 0.543581769349756
v 0.2109500037466141 0.22132475625913728 0.4603720848845847
v 0.176223012062934 0.2691601853047736 0.5705120312102547
v 0.19656561281081608 0.10583981469522641 0.5059935444117221
v 0.1618386211271361 0.15367524374086272 0.6161334907373921
vt 0.59375 0.4375
vt 0.65625 0.4375
vt 0.65625 0.375
vt 0.59375 0.375
vt 0 0.375
vt 0.0625 0.375
vt 0.0625 0.3125
vt 0 0.3125
vt 0.625 0.9375
vt 0.6875 0.9375
vt 0.6875 0.875
vt 0.625 0.875
vt 0.125 0.375
vt 0.1875 0.375
vt 0.1875 0.3125
vt 0.125 0.3125
vt 0.6875 0.8125
vt 0.625 0.8125
vt 0.625 0.875
vt 0.6875 0.875
vt 0.25 0.375
vt 0.1875 0.375
vt 0.1875 0.3125
vt 0.25 0.3125
vn 0.2778159334694405 -0.3826834323650898 -0.881119570605362
vn 0.953716950748227 -1.387778780781446e-17 0.300705799504273
vn -0.2778159334694405 0.3826834323650898 0.881119570605362
vn -0.953716950748227 1.387778780781446e-17 -0.300705799504273
vn 0.11507512748638372 0.9238795325112868 -0.36497167621709875
vn -0.11507512748638372 -0.9238795325112868 0.36497167621709875
usemtl m_c45c91da-b51a-862f-cf79-d69e2d63f577
f 28/76/19 31/75/19 29/74/19 26/73/19
f 27/80/20 28/79/20 26/78/20 25/77/20
f 32/84/21 27/83/21 25/82/21 30/81/21
f 31/88/22 32/87/22 30/86/22 29/85/22
f 30/92/23 25/91/23 26/90/23 29/89/23
f 31/96/24 28/95/24 27/94/24 32/93/24
o Base
v 0.2123056820341811 0.2537912607362388 0.6119556815845155
v 0.23223984859401803 0.1875 0.5487325825338942
v 0.19237151547434417 0.1875 0.6751787806351368
v 0.2123056820341811 0.12120873926376119 0.6119556815845155
v 0.14282888446137165 0.1875 0.5205414138303686
v 0.12289471790153483 0.2537912607362388 0.5837645128809898
v 0.12289471790153472 0.12120873926376119 0.5837645128809898
v 0.1029605513416979 0.1875 0.6469876119316114
vt 0.25 0.375
vt 0.3125 0.375
vt 0.3125 0.3125
vt 0.25 0.3125
vt 0.625 0.75
vt 0.6875 0.75
vt 0.6875 0.6875
vt 0.625 0.6875
vt 0.625 0.6875
vt 0.6875 0.6875
vt 0.6875 0.625
vt 0.625 0.625
vt 0.375 0.375
vt 0.4375 0.375
vt 0.4375 0.3125
vt 0.375 0.3125
vt 0.6875 0.5625
vt 0.625 0.5625
vt 0.625 0.625
vt 0.6875 0.625
vt 0.5 0.375
vt 0.4375 0.375
vt 0.4375 0.3125
vt 0.5 0.3125
vn 0.21263110997159385 -0.7071067811865476 -0.6743797232066279
vn 0.953716950748227 2.775557561562892e-17 0.30070579950427306
vn -0.21263110997159385 0.7071067811865476 0.6743797232066279
vn -0.953716950748227 -2.775557561562892e-17 -0.30070579950427306
vn 0.21263110997159387 0.7071067811865475 -0.674379723206628
vn -0.21263110997159387 -0.7071067811865475 0.674379723206628
usemtl m_c45c91da-b51a-862f-cf79-d69e2d63f577
f 36/100/25 39/99/25 37/98/25 34/97/25
f 35/104/26 36/103/26 34/102/26 33/101/26
f 40/108/27 35/107/27 33/106/27 38/105/27
f 39/112/28 40/111/28 38/110/28 37/109/28
f 38/116/29 33/115/29 34/114/29 37/113/29
f 39/120/30 36/119/30 35/118/30 40/117/30
o Base
v 0.13802467970530785 0.29040291308792043 0.6500927945318562
v 0.16460356845175705 0.20201456543960195 0.5657953291310278
v 0.1247352353320833 0.2462087392637612 0.6922415272322704
v 0.1513141240785325 0.1578203916154427 0.607944061831442
v 0.10499625902999288 0.20201456543960195 0.5470012166620108
v 0.07841737028354367 0.29040291308792043 0.6312986820628392
v 0.09170681465676833 0.1578203916154427 0.589149949362425
v 0.06512792591031902 0.2462087392637612 0.6734474147632534
vt 0.40625 0.53125
vt 0.4375 0.53125
vt 0.4375 0.5
vt 0.40625 0.5
vt 0.0625 0.34375
vt 0.125 0.34375
vt 0.125 0.3125
vt 0.0625 0.3125
vt 0.5 0.75
vt 0.53125 0.75
vt 0.53125 0.71875
vt 0.5 0.71875
vt 0.65625 0.8125
vt 0.71875 0.8125
vt 0.71875 0.78125
vt 0.65625 0.78125
vt 0.34375 0.28125
vt 0.3125 0.28125
vt 0.3125 0.34375
vt 0.34375 0.34375
vt 0.375 0.34375
vt 0.34375 0.34375
vt 0.34375 0.28125
vt 0.375 0.28125
vn 0.21263110997159385 -0.7071067811865476 -0.6743797232066279
vn 0.953716950748227 2.775557561562892e-17 0.30070579950427306
vn -0.21263110997159385 0.7071067811865476 0.6743797232066279
vn -0.953716950748227 -2.775557561562892e-17 -0.30070579950427306
vn 0.21263110997159387 0.7071067811865475 -0.674379723206628
vn -0.21263110997159387 -0.7071067811865475 0.674379723206628
usemtl m_c45c91da-b51a-862f-cf79-d69e2d63f577
f 44/124/31 47/123/31 45/122/31 42/121/31
f 43/128/32 44/127/32 42/126/32 41/125/32
f 48/132/33 43/131/33 41/130/33 46/129/33
f 47/136/34 48/135/34 46/134/34 45/133/34
f 46/140/35 41/139/35 42/138/35 45/137/35
f 47/144/36 44/143/36 43/142/36 48/141/36
o Base
v 0.5445164474846245 0.09999999999999998 0.31694960462366617
v 0.6159340748668893 0.09999999999999998 0.0904418288209623
v 0.5445164474846245 0.006249999999999978 0.31694960462366617
v 0.6159340748668893 0.006249999999999978 0.0904418288209623
v 0.5086409179077136 0.09999999999999998 0.056612426376731584
v 0.43722329052544884 0.09999999999999998 0.28312020217943545
v 0.5086409179077136 0.006249999999999978 0.056612426376731584
v 0.43722329052544884 0.006249999999999978 0.28312020217943545
vt 0.625 0.5625
vt 0.6875 0.5625
vt 0.6875 0.5
vt 0.625 0.5
vt 0.4375 0.625
vt 0.5625 0.625
vt 0.5625 0.5625
vt 0.4375 0.5625
vt 0.5 0.375
vt 0.5625 0.375
vt 0.5625 0.3125
vt 0.5 0.3125
vt 0.4375 0.5625
vt 0.5625 0.5625
vt 0.5625 0.5
vt 0.4375 0.5
vt 0.25 0.5
vt 0.1875 0.5
vt 0.1875 0.625
vt 0.25 0.625
vt 0.15625 0.53125
vt 0.09375 0.53125
vt 0.09375 0.40625
vt 0.15625 0.40625
vn 0.300705799504273 6.071532165918825e-18 -0.9537169507482269
vn 0.9537169507482269 -1.9143467385539967e-18 0.300705799504273
vn -0.300705799504273 -6.071532165918825e-18 0.9537169507482269
vn -0.9537169507482269 1.9143467385539967e-18 -0.300705799504273
vn 0 1 6.366178310195156e-18
vn 0 -1 -6.366178310195156e-18
usemtl m_c45c91da-b51a-862f-cf79-d69e2d63f577
f 52/148/37 55/147/37 53/146/37 50/145/37
f 51/152/38 52/151/38 50/150/38 49/149/38
f 56/156/39 51/155/39 49/154/39 54/153/39
f 55/160/40 56/159/40 54/158/40 53/157/40
f 54/164/41 49/163/41 50/162/41 53/161/41
f 55/168/42 52/167/42 51/166/42 56/165/42
o Base
v 0.41825385241456514 0.125 0.49761379445077836
v 0.5588636420334956 0.125 0.33004157251850186
v 0.41825385241456514 0 0.49761379445077836
v 0.5588636420334956 0 0.33004157251850186
v 0.43916919779615515 0.125 0.22960600850498014
v 0.2985594081772247 0.125 0.39717823043725664
v 0.43916919779615515 0 0.22960600850498014
v 0.2985594081772247 0 0.39717823043725664
vt 0.5 0.8125
vt 0.59375 0.8125
vt 0.59375 0.75
vt 0.5 0.75
vt 0.46875 1
vt 0.59375 1
vt 0.59375 0.9375
vt 0.46875 0.9375
vt 0.40625 0.5
vt 0.5 0.5
vt 0.5 0.4375
vt 0.40625 0.4375
vt 0.5 0.9375
vt 0.625 0.9375
vt 0.625 0.875
vt 0.5 0.875
vt 0.4375 0.53125
vt 0.34375 0.53125
vt 0.34375 0.65625
vt 0.4375 0.65625
vt 0.09375 0.625
vt 0 0.625
vt 0 0.5
vt 0.09375 0.5
vn 0.6427876096865393 4.876775518429566e-18 -0.7660444431189782
vn 0.7660444431189782 -4.092100538848637e-18 0.6427876096865393
vn -0.6427876096865393 -4.876775518429566e-18 0.7660444431189782
vn -0.7660444431189782 4.092100538848637e-18 -0.6427876096865393
vn 3.8518598887744726e-34 1 6.3661783101951564e-18
vn -3.8518598887744726e-34 -1 -6.3661783101951564e-18
usemtl m_c45c91da-b51a-862f-cf79-d69e2d63f577
f 60/172/43 63/171/43 61/170/43 58/169/43
f 59/176/44 60/175/44 58/174/44 57/173/44
f 64/180/45 59/179/45 57/178/45 62/177/45
f 63/184/46 64/183/46 62/182/46 61/181/46
f 62/188/47 57/187/47 58/186/47 61/185/47
f 63/192/48 60/191/48 59/190/48 64/189/48
o Base
v 0.592749962196425 0.12506249999999997 0.489971622061236
v 0.5736737490025312 0.12506249999999997 0.2719295075164052
v 0.592749962196425 -0.00006249999999996536 0.489971622061236
v 0.5736737490025312 -0.00006249999999996536 0.2719295075164052
v 0.44902488740380164 0.12506249999999997 0.2828348698277059
v 0.4681011005976954 0.12506249999999997 0.5008769843725367
v 0.44902488740380164 -0.00006249999999996536 0.2828348698277059
v 0.4681011005976954 -0.00006249999999996536 0.5008769843725367
vt 0.5625 0.375
vt 0.625 0.375
vt 0.625 0.3125
vt 0.5625 0.3125
vt 0.5 0.875
vt 0.625 0.875
vt 0.625 0.8125
vt 0.5 0.8125
vt 0.625 0.375
vt 0.6875 0.375
vt 0.6875 0.3125
vt 0.625 0.3125
vt 0.15625 0.5
vt 0.28125 0.5
vt 0.28125 0.4375
vt 0.15625 0.4375
vt 0.40625 0.40625
vt 0.34375 0.40625
vt 0.34375 0.53125
vt 0.40625 0.53125
vt 0.0625 0.5
vt 0 0.5
vt 0 0.375
vt 0.0625 0.375
vn -0.08715574274765826 6.341953079723083e-18 -0.9961946980917457
vn 0.9961946980917457 5.548489990890903e-19 -0.08715574274765826
vn 0.08715574274765826 -6.341953079723083e-18 0.9961946980917457
vn -0.9961946980917457 -5.548489990890903e-19 0.08715574274765826
vn 1.9259299443872363e-34 1 6.3661783101951564e-18
vn -1.9259299443872363e-34 -1 -6.3661783101951564e-18
usemtl m_c45c91da-b51a-862f-cf79-d69e2d63f577
f 68/196/49 71/195/49 69/194/49 66/193/49
f 67/200/50 68/199/50 66/198/50 65/197/50
f 72/204/51 67/203/51 65/202/51 70/201/51
f 71/208/52 72/207/52 70/206/52 69/205/52
f 70/212/53 65/211/53 66/210/53 69/209/53
f 71/216/54 68/215/54 67/214/54 72/213/54
o Base
v 0.5676764186514469 0.1772821659444328 0.34741773305506063
v 0.6249759549295189 0.09835370801913301 0.16568682161770476
v 0.5547304668092286 0.07334571853691307 0.38847704662948424
v 0.6120300030873007 -0.005582739388386715 0.20674613519212837
v 0.45807548854857916 0.09835370801913301 0.11306330670445697
v 0.400775952270507 0.1772821659444328 0.29479421814181284
v 0.445129536706361 -0.005582739388386715 0.15412262027888057
v 0.38783000042828886 0.07334571853691307 0.33585353171623644
vt 0.5 0.5
vt 0.59375 0.5
vt 0.59375 0.4375
vt 0.5 0.4375
vt 0.53125 0.75
vt 0.625 0.75
vt 0.625 0.6875
vt 0.53125 0.6875
vt 0.53125 0.6875
vt 0.625 0.6875
vt 0.625 0.625
vt 0.53125 0.625
vt 0.15625 0.4375
vt 0.25 0.4375
vt 0.25 0.375
vt 0.15625 0.375
vt 0.1875 0.53125
vt 0.09375 0.53125
vt 0.09375 0.625
vt 0.1875 0.625
vt 0.5 0.90625
vt 0.40625 0.90625
vt 0.40625 0.8125
vt 0.5 0.8125
vn 0.2778159334694405 -0.3826834323650898 -0.881119570605362
vn 0.953716950748227 -1.387778780781446e-17 0.300705799504273
vn -0.2778159334694405 0.3826834323650898 0.881119570605362
vn -0.953716950748227 1.387778780781446e-17 -0.300705799504273
vn 0.11507512748638372 0.9238795325112868 -0.36497167621709875
vn -0.11507512748638372 -0.9238795325112868 0.36497167621709875
usemtl m_c45c91da-b51a-862f-cf79-d69e2d63f577
f 76/220/55 79/219/55 77/218/55 74/217/55
f 75/224/56 76/223/56 74/222/56 73/221/56
f 80/228/57 75/227/57 73/226/57 78/225/57
f 79/232/58 80/231/58 78/230/58 77/229/58
f 78/236/59 73/235/59 74/234/59 77/233/59
f 79/240/60 76/239/60 75/238/60 80/237/60
o Base
v 0.48487980471217607 0.18818749999999995 0.6330857657968723
v 0.5792638375315797 0.18818749999999995 0.3337378578807727
v 0.48487980471217607 -0.0006875000000000075 0.6330857657968723
v 0.5792638375315797 -0.0006875000000000075 0.3337378578807727
v 0.3991305484590085 0.18818749999999995 0.2769420499994031
v 0.30474651563960486 0.18818749999999995 0.5762899579155027
v 0.3991305484590085 -0.0006875000000000075 0.2769420499994031
v 0.30474651563960486 -0.0006875000000000075 0.5762899579155027
vt 0.40625 0.8125
vt 0.5 0.8125
vt 0.5 0.71875
vt 0.40625 0.71875
vt 0.25 0.75
vt 0.40625 0.75
vt 0.40625 0.65625
vt 0.25 0.65625
vt 0.4375 0.71875
vt 0.53125 0.71875
vt 0.53125 0.625
vt 0.4375 0.625
vt 0.3125 1
vt 0.46875 1
vt 0.46875 0.90625
vt 0.3125 0.90625
vt 0.40625 0.75
vt 0.3125 0.75
vt 0.3125 0.90625
vt 0.40625 0.90625
vt 0.34375 0.65625
vt 0.25 0.65625
vt 0.25 0.5
vt 0.34375 0.5
vn 0.300705799504273 6.071532165918825e-18 -0.9537169507482269
vn 0.9537169507482269 -1.9143467385539967e-18 0.300705799504273
vn -0.300705799504273 -6.071532165918825e-18 0.9537169507482269
vn -0.9537169507482269 1.9143467385539967e-18 -0.300705799504273
vn 0 1 6.366178310195156e-18
vn 0 -1 -6.366178310195156e-18
usemtl m_c45c91da-b51a-862f-cf79-d69e2d63f577
f 84/244/61 87/243/61 85/242/61 82/241/61
f 83/248/62 84/247/62 82/246/62 81/245/62
f 88/252/63 83/251/63 81/250/63 86/249/63
f 87/256/64 88/255/64 86/254/64 85/253/64
f 86/260/65 81/259/65 82/258/65 85/257/65
f 87/264/66 84/263/66 83/262/66 88/261/66
o Base
v 0.5483006955383649 0.2597267870539892 0.6377062998530882
v 0.6177894058974085 0.16400809353367118 0.41731626725542215
v 0.5195175292758332 0.028641418984603595 0.72899484036689
v 0.5890062396348767 -0.06707727453571449 0.508604807769224
v 0.31963364416974427 0.16400809353367118 0.3233081166853988
v 0.25014493381070046 0.2597267870539892 0.5436981492830648
v 0.2908504779072125 -0.06707727453571449 0.4145966571992007
v 0.22136176754816872 0.028641418984603595 0.6349866897968668
vt 0 1
vt 0.15625 1
vt 0.15625 0.875
vt 0 0.875
vt 0 0.75
vt 0.125 0.75
vt 0.125 0.625
vt 0 0.625
vt 0 0.875
vt 0.15625 0.875
vt 0.15625 0.75
vt 0 0.75
vt 0.125 0.75
vt 0.25 0.75
vt 0.25 0.625
vt 0.125 0.625
vt 0.3125 0.875
vt 0.15625 0.875
vt 0.15625 1
vt 0.3125 1
vt 0.3125 0.875
vt 0.15625 0.875
vt 0.15625 0.75
vt 0.3125 0.75
vn 0.2778159334694405 -0.3826834323650898 -0.881119570605362
vn 0.953716950748227 -1.387778780781446e-17 0.300705799504273
vn -0.2778159334694405 0.3826834323650898 0.881119570605362
vn -0.953716950748227 1.387778780781446e-17 -0.300705799504273
vn 0.11507512748638372 0.9238795325112868 -0.36497167621709875
vn -0.11507512748638372 -0.9238795325112868 0.36497167621709875
usemtl m_c45c91da-b51a-862f-cf79-d69e2d63f577
f 92/268/67 95/267/67 93/266/67 90/265/67
f 91/272/68 92/271/68 90/270/68 89/269/68
f 96/276/69 91/275/69 89/274/69 94/273/69
f 95/280/70 96/279/70 94/278/70 93/277/70
f 94/284/71 89/283/71 90/282/71 93/281/71
f 95/288/72 92/287/72 91/286/72 96/285/72