# Made in Blockbench 4.9.4
mtllib animal_skull_7.mtl

o cube
v 0.37069228700594437 0.06961250378348904 0.9003618627647976
v 0.34804562055947375 0.06961250378348904 0.8158433529645044
v 0.3670056413874244 -0.017804215604923512 0.9013496964810597
v 0.3443589749409538 -0.017804215604923512 0.8168311866807665
v -0.0078005185474682714 0.08569715287445667 0.9111920385679424
v 0.014846147899002293 0.08569715287445667 0.9957105483682358
v -0.011487164165988217 -0.001719566513955828 0.9121798722842045
v 0.011159502280482347 -0.001719566513955828 0.9966983820844979
vt 0.3854166666666667 0.265625
vt 0.4583333333333333 0.265625
vt 0.4583333333333333 0.234375
vt 0.3854166666666667 0.234375
vt 0.4583333333333333 0.15625
vt 0.4791666666666667 0.15625
vt 0.4791666666666667 0.125
vt 0.4583333333333333 0.125
vt 0.4583333333333333 0.265625
vt 0.53125 0.265625
vt 0.53125 0.234375
vt 0.4583333333333333 0.234375
vt 0.5625 0.3125
vt 0.5833333333333334 0.3125
vt 0.5833333333333334 0.28125
vt 0.5625 0.28125
vt 0.5625 0.28125
vt 0.4895833333333333 0.28125
vt 0.4895833333333333 0.3125
vt 0.5625 0.3125
vt 0.4583333333333333 0.234375
vt 0.3854166666666667 0.234375
vt 0.3854166666666667 0.203125
vt 0.4583333333333333 0.203125
vn -0.25881904510252113 -4.85722573273506e-17 -0.9659258262890683
vn 0.9650064789340801 -0.04361938736533601 -0.2585727067211884
vn 0.25881904510252113 4.85722573273506e-17 0.9659258262890683
vn -0.9650064789340801 0.04361938736533601 0.2585727067211884
vn 0.042133092783085115 0.9990482215818578 -0.011289528185853288
vn -0.042133092783085115 -0.9990482215818578 0.011289528185853288
usemtl m_8bafc722-eae3-ba30-1666-12582b33de29
f 4/4/1 7/3/1 5/2/1 2/1/1
f 3/8/2 4/7/2 2/6/2 1/5/2
f 8/12/3 3/11/3 1/10/3 6/9/3
f 7/16/4 8/15/4 6/14/4 5/13/4
f 6/20/5 1/19/5 2/18/5 5/17/5
f 7/24/6 4/23/6 3/22/6 8/21/6
o cube
v 0.6796361747483415 0.05973573249246922 0.7988852974532892
v 0.6162008478656418 0.06991136297494116 0.7394827230345891
v 0.6742055721657136 -0.027122323669559134 0.7898058351705606
v 0.6107702452830139 -0.016946693187087192 0.7304032607518605
v 0.2882199687129232 0.054088859621072016 1.0870193497702854
v 0.3516552955956229 0.043913229138600074 1.1464219241889855
v 0.28278936613029537 -0.032769196540956336 1.0779398874875565
v 0.3462246930129951 -0.04294482702342828 1.1373424619062569
vt 0.3333333333333333 0.375
vt 0.4270833333333333 0.375
vt 0.4270833333333333 0.34375
vt 0.3333333333333333 0.34375
vt 0.5625 0.234375
vt 0.5833333333333334 0.234375
vt 0.5833333333333334 0.203125
vt 0.5625 0.203125
vt 0.4270833333333333 0.375
vt 0.5208333333333334 0.375
vt 0.5208333333333334 0.34375
vt 0.4270833333333333 0.34375
vt 0.5625 0.203125
vt 0.5833333333333334 0.203125
vt 0.5833333333333334 0.171875
vt 0.5625 0.171875
vt 0.4270833333333333 0.3125
vt 0.3333333333333333 0.3125
vt 0.3333333333333333 0.34375
vt 0.4270833333333333 0.34375
vt 0.53125 0.5
vt 0.4375 0.5
vt 0.4375 0.46875
vt 0.53125 0.46875
vn -0.7249751643737107 0.11629291979967965 -0.6788865647851464
vn 0.6859730805808493 0.033092817472144646 -0.7268739905583191
vn 0.7249751643737107 -0.11629291979967965 0.6788865647851464
vn -0.6859730805808493 -0.033092817472144646 0.7268739905583191
vn 0.062064029515745585 0.9926634989946093 0.10376528323118513
vn -0.062064029515745585 -0.9926634989946093 -0.10376528323118513
usemtl m_8bafc722-eae3-ba30-1666-12582b33de29
f 12/28/7 15/27/7 13/26/7 10/25/7
f 11/32/8 12/31/8 10/30/8 9/29/8
f 16/36/9 11/35/9 9/34/9 14/33/9
f 15/40/10 16/39/10 14/38/10 13/37/10
f 14/44/11 9/43/11 10/42/11 13/41/11
f 15/48/12 12/47/12 11/46/12 16/45/12
o cube
v 0.6422064667341896 0.09375 0.7086054158237771
v 0.5661112881080994 0.09375 0.609436248287373
v 0.6422064667341896 -0.03125 0.7086054158237771
v 0.5661112881080994 -0.03125 0.609436248287373
v 0.29339607738298745 0.09375 0.8186979895091206
v 0.3694912560090775 0.09375 0.9178671570455248
v 0.29339607738298745 -0.03125 0.8186979895091206
v 0.3694912560090775 -0.03125 0.9178671570455248
vt 0.53125 0.5
vt 0.59375 0.5
vt 0.59375 0.46875
vt 0.53125 0.46875
vt 0.3541666666666667 0.140625
vt 0.375 0.140625
vt 0.375 0.109375
vt 0.3541666666666667 0.109375
vt 0.53125 0.46875
vt 0.59375 0.46875
vt 0.59375 0.4375
vt 0.53125 0.4375
vt 0.375 0.140625
vt 0.3958333333333333 0.140625
vt 0.3958333333333333 0.109375
vt 0.375 0.109375
vt 0.59375 0.40625
vt 0.53125 0.40625
vt 0.53125 0.4375
vt 0.59375 0.4375
vt 0.59375 0.40625
vt 0.53125 0.40625
vt 0.53125 0.375
vt 0.59375 0.375
vn -0.6087614290087207 0 -0.7933533402912352
vn 0.7933533402912352 0 -0.6087614290087207
vn 0.6087614290087207 0 0.7933533402912352
vn -0.7933533402912352 0 0.6087614290087207
vn 0 1 0
vn 0 -1 0
usemtl m_8bafc722-eae3-ba30-1666-12582b33de29
f 20/52/13 23/51/13 21/50/13 18/49/13
f 19/56/14 20/55/14 18/54/14 17/53/14
f 24/60/15 19/59/15 17/58/15 22/57/15
f 23/64/16 24/63/16 22/62/16 21/61/16
f 22/68/17 17/67/17 18/66/17 21/65/17
f 23/72/18 20/71/18 19/70/18 24/69/18
o cube
v 0.7350385086307503 0.13766285434630476 0.7864612104949043
v 0.7670548913880906 0.13766285434630476 0.6048872810332786
v 0.7409450563738664 0.0002937238787993346 0.7875026942248584
v 0.7729614391312065 0.0002937238787993346 0.6059287647632328
v 0.5549078290036089 0.1282574239456542 0.5674800300568525
v 0.5228914462462688 0.1282574239456542 0.7490539595184784
v 0.5608143767467251 -0.009111706521851282 0.5685215137868065
v 0.5287979939893848 -0.009111706521851282 0.7500954432484324
vt 0.3333333333333333 0.171875
vt 0.3645833333333333 0.171875
vt 0.3645833333333333 0.140625
vt 0.3333333333333333 0.140625
vt 0.3645833333333333 0.171875
vt 0.3958333333333333 0.171875
vt 0.3958333333333333 0.140625
vt 0.3645833333333333 0.140625
vt 0.3958333333333333 0.15625
vt 0.4270833333333333 0.15625
vt 0.4270833333333333 0.125
vt 0.3958333333333333 0.125
vt 0.4270833333333333 0.15625
vt 0.4583333333333333 0.15625
vt 0.4583333333333333 0.125
vt 0.4270833333333333 0.125
vt 0.5625 0.1875
vt 0.53125 0.1875
vt 0.53125 0.234375
vt 0.5625 0.234375
vt 0.5625 0.1875
vt 0.53125 0.1875
vt 0.53125 0.140625
vt 0.5625 0.140625
vn 0.17364817766693036 -8.673617379884035e-19 -0.9848077530122081
vn 0.9838704342468719 0.04361938736533599 0.1734829030790772
vn -0.17364817766693036 8.673617379884035e-19 0.9848077530122081
vn -0.9838704342468719 -0.04361938736533599 -0.1734829030790772
vn -0.04295671085902564 0.9990482215818578 -0.007574427126938521
vn 0.04295671085902564 -0.9990482215818578 0.007574427126938521
usemtl m_8bafc722-eae3-ba30-1666-12582b33de29
f 28/76/19 31/75/19 29/74/19 26/73/19
f 27/80/20 28/79/20 26/78/20 25/77/20
f 32/84/21 27/83/21 25/82/21 30/81/21
f 31/88/22 32/87/22 30/86/22 29/85/22
f 30/92/23 25/91/23 26/90/23 29/89/23
f 31/96/24 28/95/24 27/94/24 32/93/24
o cube
v 0.7361995040282814 0.14577590060510415 -0.21289464576706263
v 0.7790688978898048 0.14577590060510415 -0.45601905979195145
v 0.7447908462000865 -0.0540337437112674 -0.21137976034167494
v 0.78766024006161 -0.0540337437112674 -0.45450417436656376
v 0.5515488599702159 0.13568891727687027 -0.4961369811289881
v 0.5086794661086924 0.13568891727687027 -0.25301256710409925
v 0.560140202142021 -0.06412072703950134 -0.4946220957036004
v 0.5172708082804975 -0.06412072703950134 -0.25149768167871156
vt 0.3333333333333333 0.3125
vt 0.3854166666666667 0.3125
vt 0.3854166666666667 0.265625
vt 0.3333333333333333 0.265625
vt 0.40625 0.203125
vt 0.4479166666666667 0.203125
vt 0.4479166666666667 0.15625
vt 0.40625 0.15625
vt 0.3854166666666667 0.3125
vt 0.4375 0.3125
vt 0.4375 0.265625
vt 0.3854166666666667 0.265625
vt 0.4479166666666667 0.203125
vt 0.4895833333333333 0.203125
vt 0.4895833333333333 0.15625
vt 0.4479166666666667 0.15625
vt 0.3854166666666667 0.4375
vt 0.3333333333333333 0.4375
vt 0.3333333333333333 0.5
vt 0.3854166666666667 0.5
vt 0.3854166666666667 0.4375
vt 0.3333333333333333 0.4375
vt 0.3333333333333333 0.375
vt 0.3854166666666667 0.375
vn 0.17364817766693036 -8.673617379884035e-19 -0.9848077530122081
vn 0.9838704342468719 0.04361938736533599 0.1734829030790772
vn -0.17364817766693036 8.673617379884035e-19 0.9848077530122081
vn -0.9838704342468719 -0.04361938736533599 -0.1734829030790772
vn -0.04295671085902564 0.9990482215818578 -0.007574427126938521
vn 0.04295671085902564 -0.9990482215818578 0.007574427126938521
usemtl m_8bafc722-eae3-ba30-1666-12582b33de29
f 36/100/25 39/99/25 37/98/25 34/97/25
f 35/104/26 36/103/26 34/102/26 33/101/26
f 40/108/27 35/107/27 33/106/27 38/105/27
f 39/112/28 40/111/28 38/110/28 37/109/28
f 38/116/29 33/115/29 34/114/29 37/113/29
f 39/120/30 36/119/30 35/118/30 40/117/30
o cube
v 0.5460295402833881 0.10352067439831913 -0.16945009917385456
v 0.546063618932132 0.10193477871861645 -0.37881909018861487
v 0.5523388071908073 -0.04321453314651619 -0.16833760518958546
v 0.5523728858395516 -0.04480042882621893 -0.37770659620434577
v 0.2588290040834369 0.08958472434664655 -0.37877229562616055
v 0.25879492543469274 0.09117062002634935 -0.1694033046114003
v 0.2651382709908563 -0.05715048319818883 -0.3776598016418915
v 0.26510419234211213 -0.05556458751848603 -0.16829081062713114
vt 0.4375 0.3125
vt 0.4895833333333333 0.3125
vt 0.4895833333333333 0.265625
vt 0.4375 0.265625
vt 0.53125 0.28125
vt 0.5729166666666666 0.28125
vt 0.5729166666666666 0.234375
vt 0.53125 0.234375
vt 0.3333333333333333 0.265625
vt 0.3854166666666667 0.265625
vt 0.3854166666666667 0.21875
vt 0.3333333333333333 0.21875
vt 0.4895833333333333 0.203125
vt 0.53125 0.203125
vt 0.53125 0.15625
vt 0.4895833333333333 0.15625
vt 0.4375 0.4375
vt 0.3854166666666667 0.4375
vt 0.3854166666666667 0.5
vt 0.4375 0.5
vt 0.4375 0.4375
vt 0.3854166666666667 0.4375
vt 0.3854166666666667 0.375
vt 0.4375 0.375
vn 0.000162763695494095 -0.007574427126938504 -0.9999713003690048
vn 0.9990769212128531 0.042956710859025624 -0.0001627636954931908
vn -0.000162763695494095 0.007574427126938504 0.9999713003690048
vn -0.9990769212128531 -0.042956710859025624 0.0001627636954931908
vn -0.042956710859025624 0.9990482215818579 -0.007574427126938524
vn 0.042956710859025624 -0.9990482215818579 0.007574427126938524
usemtl m_8bafc722-eae3-ba30-1666-12582b33de29
f 44/124/31 47/123/31 45/122/31 42/121/31
f 43/128/32 44/127/32 42/126/32 41/125/32
f 48/132/33 43/131/33 41/130/33 46/129/33
f 47/136/34 48/135/34 46/134/34 45/133/34
f 46/140/35 41/139/35 42/138/35 45/137/35
f 47/144/36 44/143/36 43/142/36 48/141/36
o cube
v 0.5030392615638988 0.06114879098451709 -0.16306818493004538
v 0.43960393468119896 0.07132442146698903 -0.22247075934874572
v 0.49760865898127093 -0.02570926517751121 -0.1721476472127741
v 0.43417333209857123 -0.015533634695039211 -0.23155022163147443
v 0.18665136121701087 0.059121445024135744 0.045564024669634384
v 0.2500866880997106 0.0489458145416638 0.10496659908833472
v 0.18122075863438303 -0.027736611137892553 0.03648456238690567
v 0.24465608551708273 -0.03791224162036455 0.09588713680560601
vt 0.4375 0.46875
vt 0.53125 0.46875
vt 0.53125 0.4375
vt 0.4375 0.4375
vt 0.5625 0.171875
vt 0.5833333333333334 0.171875
vt 0.5833333333333334 0.140625
vt 0.5625 0.140625
vt 0.4375 0.4375
vt 0.53125 0.4375
vt 0.53125 0.40625
vt 0.4375 0.40625
vt 0.3333333333333333 0.140625
vt 0.3541666666666667 0.140625
vt 0.3541666666666667 0.109375
vt 0.3333333333333333 0.109375
vt 0.53125 0.375
vt 0.4375 0.375
vt 0.4375 0.40625
vt 0.53125 0.40625
vt 0.5208333333333334 0.34375
vt 0.4270833333333333 0.34375
vt 0.4270833333333333 0.3125
vt 0.5208333333333334 0.3125
vn -0.7249751643737107 0.11629291979967965 -0.6788865647851464
vn 0.6859730805808493 0.033092817472144646 -0.7268739905583191
vn 0.7249751643737107 -0.11629291979967965 0.6788865647851464
vn -0.6859730805808493 -0.033092817472144646 0.7268739905583191
vn 0.062064029515745585 0.9926634989946093 0.10376528323118513
vn -0.062064029515745585 -0.9926634989946093 -0.10376528323118513
usemtl m_8bafc722-eae3-ba30-1666-12582b33de29
f 52/148/37 55/147/37 53/146/37 50/145/37
f 51/152/38 52/151/38 50/150/38 49/149/38
f 56/156/39 51/155/39 49/154/39 54/153/39
f 55/160/40 56/159/40 54/158/40 53/157/40
f 54/164/41 49/163/41 50/162/41 53/161/41
f 55/168/42 52/167/42 51/166/42 56/165/42
o cube
v 0.24712715592506718 0.04968329743474609 0.09019572973053591
v 0.2260981085104874 0.04968329743474609 0.011714256344549145
v 0.24370384213644147 -0.03148937056877987 0.09111300389563648
v 0.2226747947218617 -0.03148937056877993 0.012631530509649713
v -0.033247382703046724 0.06140600778918015 0.08120567127586809
v -0.012218335288466942 0.06140600778918015 0.15968714466185485
v -0.03667069649167237 -0.01976666021434581 0.08212294544096865
v -0.015641649077092645 -0.01976666021434581 0.16060441882695542
vt 0.4583333333333333 0.234375
vt 0.53125 0.234375
vt 0.53125 0.203125
vt 0.4583333333333333 0.203125
vt 0.4791666666666667 0.15625
vt 0.5 0.15625
vt 0.5 0.125
vt 0.4791666666666667 0.125
vt 0.5208333333333334 0.375
vt 0.59375 0.375
vt 0.59375 0.34375
vt 0.5208333333333334 0.34375
vt 0.5 0.15625
vt 0.5208333333333334 0.15625
vt 0.5208333333333334 0.125
vt 0.5 0.125
vt 0.59375 0.3125
vt 0.5208333333333334 0.3125
vt 0.5208333333333334 0.34375
vt 0.59375 0.34375
vt 0.40625 0.203125
vt 0.3333333333333333 0.203125
vt 0.3333333333333333 0.171875
vt 0.40625 0.171875
vn -0.2588190451025196 -1.0061396160665481e-16 -0.9659258262890686
vn 0.9650064789340805 -0.04361938736533609 -0.2585727067211868
vn 0.2588190451025196 1.0061396160665481e-16 0.9659258262890686
vn -0.9650064789340805 0.04361938736533609 0.2585727067211868
vn 0.042133092783085205 0.9990482215818579 -0.011289528185853291
vn -0.042133092783085205 -0.9990482215818579 0.011289528185853291
usemtl m_8bafc722-eae3-ba30-1666-12582b33de29
f 60/172/43 63/171/43 61/170/43 58/169/43
f 59/176/44 60/175/44 58/174/44 57/173/44
f 64/180/45 59/179/45 57/178/45 62/177/45
f 63/184/46 64/183/46 62/182/46 61/181/46
f 62/188/47 57/187/47 58/186/47 61/185/47
f 63/192/48 60/191/48 59/190/48 64/189/48
o cube
v 0.4589371881087937 0.1803684655123765 -0.23536588853478413
v 0.4370621881087937 0.17450707692794576 -0.31988439833507765
v 0.47800127373159385 0.0949762245070278 -0.23437805481852197
v 0.45612627373159387 0.08911483592259706 -0.31889656461881544
v 0.08917819864161258 0.0979438969646309 -0.22453571273163941
v 0.11105319864161267 0.10380528554906165 -0.14001720293134595
v 0.10824228426441274 0.012551655959282093 -0.22354787901537732
v 0.1301172842644127 0.018413044543712953 -0.1390293692150838
vt 0.4583333333333333 0.234375
vt 0.53125 0.234375
vt 0.53125 0.203125
vt 0.4583333333333333 0.203125
vt 0.4791666666666667 0.15625
vt 0.5 0.15625
vt 0.5 0.125
vt 0.4791666666666667 0.125
vt 0.5208333333333334 0.375
vt 0.59375 0.375
vt 0.59375 0.34375
vt 0.5208333333333334 0.34375
vt 0.5 0.15625
vt 0.5208333333333334 0.15625
vt 0.5208333333333334 0.125
vt 0.5 0.125
vt 0.59375 0.3125
vt 0.5208333333333334 0.3125
vt 0.5208333333333334 0.34375
vt 0.59375 0.34375
vt 0.40625 0.203125
vt 0.3333333333333333 0.203125
vt 0.3333333333333333 0.171875
vt 0.40625 0.171875
vn -0.25000000000000033 -0.0669872981077809 -0.9659258262890683
vn 0.943414208724559 0.20762896261237948 -0.2585727067211884
vn 0.25000000000000033 0.0669872981077809 0.9659258262890683
vn -0.943414208724559 -0.20762896261237948 0.2585727067211884
vn -0.21787526426057266 0.9759113257754142 -0.01128952818585334
vn 0.21787526426057266 -0.9759113257754142 0.01128952818585334
usemtl m_8bafc722-eae3-ba30-1666-12582b33de29
f 68/196/49 71/195/49 69/194/49 66/193/49
f 67/200/50 68/199/50 66/198/50 65/197/50
f 72/204/51 67/203/51 65/202/51 70/201/51
f 71/208/52 72/207/52 70/206/52 69/205/52
f 70/212/53 65/211/53 66/210/53 69/209/53
f 71/216/54 68/215/54 67/214/54 72/213/54
o cube
v 0.11643786729940953 0.10178915618687112 -0.14141226438156262
v 0.14376485438704734 0.10700689292147836 -0.21775080969178195
v 0.13414023252058105 0.022496360967618756 -0.14049499021646206
v 0.16146721960821897 0.027714097702225993 -0.2168335355266814
v -0.10246222580893949 0.05097197372772777 -0.3097229538937568
v -0.1297892128965773 0.045754236993120534 -0.23338440858353754
v -0.08475986058776797 -0.02832082149152465 -0.30880567972865625
v -0.11208684767540578 -0.03353855822613183 -0.23246713441843697
vt 0.4583333333333333 0.234375
vt 0.53125 0.234375
vt 0.53125 0.203125
vt 0.4583333333333333 0.203125
vt 0.4791666666666667 0.15625
vt 0.5 0.15625
vt 0.5 0.125
vt 0.4791666666666667 0.125
vt 0.5208333333333334 0.375
vt 0.59375 0.375
vt 0.59375 0.34375
vt 0.5208333333333334 0.34375
vt 0.5 0.15625
vt 0.5208333333333334 0.15625
vt 0.5208333333333334 0.125
vt 0.5 0.125
vt 0.59375 0.3125
vt 0.5208333333333334 0.3125
vt 0.5208333333333334 0.34375
vt 0.59375 0.34375
vt 0.40625 0.203125
vt 0.3333333333333333 0.203125
vt 0.3333333333333333 0.171875
vt 0.40625 0.171875
vn 0.33633214877092743 0.06421829827208858 -0.9395513268950068
vn 0.9161937867757654 0.20850202490697906 0.3422219319143252
vn -0.33633214877092743 -0.06421829827208858 0.9395513268950068
vn -0.9161937867757654 -0.20850202490697906 -0.3422219319143252
vn -0.2178752642605724 0.9759113257754142 -0.011289528185853263
vn 0.2178752642605724 -0.9759113257754142 0.011289528185853263
usemtl m_8bafc722-eae3-ba30-1666-12582b33de29
f 76/220/55 79/219/55 77/218/55 74/217/55
f 75/224/56 76/223/56 74/222/56 73/221/56
f 80/228/57 75/227/57 73/226/57 78/225/57
f 79/232/58 80/231/58 78/230/58 77/229/58
f 78/236/59 73/235/59 74/234/59 77/233/59
f 79/240/60 76/239/60 75/238/60 80/237/60
o Base
v 0.6873483524608892 0.18305993296430723 1.1250518055711585
v 0.6296734578193277 0.21197947188708566 1.3536202128294206
v 0.6125862146082084 0.12775299993459854 1.113184691240199
v 0.5549113199666471 0.15667253885737698 1.3417530984984611
v 0.6918118634689008 0.12218058005914123 1.3806614326577176
v 0.7494867581104621 0.0932610411363628 1.1520930253994552
v 0.61704972561622 0.06687364702943255 1.3687943183267581
v 0.6747246202577815 0.037954108106654116 1.1402259110684958
vt 0.03125 0.21875
vt 0.052083333333333336 0.21875
vt 0.052083333333333336 0.1875
vt 0.03125 0.1875
vt 0.14583333333333334 0.296875
vt 0.1875 0.296875
vt 0.1875 0.265625
vt 0.14583333333333334 0.265625
vt 0.1875 0.4375
vt 0.20833333333333334 0.4375
vt 0.20833333333333334 0.40625
vt 0.1875 0.40625
vt 0.15625 0.5
vt 0.19791666666666666 0.5
vt 0.19791666666666666 0.46875
vt 0.15625 0.46875
vt 0.08333333333333333 0.25
vt 0.0625 0.25
vt 0.0625 0.3125
vt 0.08333333333333333 0.3125
vt 0.13541666666666666 0.265625
vt 0.11458333333333333 0.265625
vt 0.11458333333333333 0.203125
vt 0.13541666666666666 0.203125
vn -0.24284166164867915 0.1217664796748567 0.9623932937189978
vn -0.5523413835517593 0.7982123718039501 -0.24036639847374916
vn 0.24284166164867915 -0.1217664796748567 -0.9623932937189978
vn 0.5523413835517593 -0.7982123718039501 0.24036639847374916
vn 0.797462803761929 0.5899406189835599 0.1265825528635669
vn -0.797462803761929 -0.5899406189835599 -0.1265825528635669
usemtl m_8bafc722-eae3-ba30-1666-12582b33de29
f 84/244/61 87/243/61 85/242/61 82/241/61
f 83/248/62 84/247/62 82/246/62 81/245/62
f 88/252/63 83/251/63 81/250/63 86/249/63
f 87/256/64 88/255/64 86/254/64 85/253/64
f 86/260/65 81/259/65 82/258/65 85/257/65
f 87/264/66 84/263/66 83/262/66 88/261/66
o Base
v 0.79485268550614 0.11944910460084446 0.9417398493568339
v 0.6995371117145208 0.21087790021366837 1.116116680459945
v 0.6951698350358988 0.045706527227899474 0.9259170302488879
v 0.5998542612442797 0.1371353228407235 1.100293861351999
v 0.7647504583741269 0.10293195357023555 1.2083606749566447
v 0.8600660321657458 0.011503157957411525 1.0339838438535338
v 0.6650676079038857 0.029189376197290562 1.192537855848699
v 0.7603831816955049 -0.062239419415533404 1.018161024745588
vt 0.13541666666666666 0.234375
vt 0.16666666666666666 0.234375
vt 0.16666666666666666 0.203125
vt 0.13541666666666666 0.203125
vt 0.13541666666666666 0.265625
vt 0.17708333333333334 0.265625
vt 0.17708333333333334 0.234375
vt 0.13541666666666666 0.234375
vt 0.17708333333333334 0.265625
vt 0.20833333333333334 0.265625
vt 0.20833333333333334 0.234375
vt 0.17708333333333334 0.234375
vt 0 0.25
vt 0.041666666666666664 0.25
vt 0.041666666666666664 0.21875
vt 0 0.21875
vt 0.14583333333333334 0.265625
vt 0.11458333333333333 0.265625
vt 0.11458333333333333 0.328125
vt 0.14583333333333334 0.328125
vt 0.03125 0.3125
vt 0 0.3125
vt 0 0.25
vt 0.03125 0.25
vn -0.4357283373331156 0.41796020851576654 0.797151227899936
vn -0.41736541862147836 0.6908540585179708 -0.590361564778879
vn 0.4357283373331156 -0.41796020851576654 -0.797151227899936
vn 0.41736541862147836 -0.6908540585179708 0.590361564778879
vn 0.797462803761929 0.5899406189835599 0.12658255286356696
vn -0.797462803761929 -0.5899406189835599 -0.12658255286356696
usemtl m_8bafc722-eae3-ba30-1666-12582b33de29
f 92/268/67 95/267/67 93/266/67 90/265/67
f 91/272/68 92/271/68 90/270/68 89/269/68
f 96/276/69 91/275/69 89/274/69 94/273/69
f 95/280/70 96/279/70 94/278/70 93/277/70
f 94/284/71 89/283/71 90/282/71 93/281/71
f 95/288/72 92/287/72 91/286/72 96/285/72
o Base
v 0.6897389062431809 0.25776688980995854 0.9598114496730121
v 0.6868969141000245 0.21553165532457852 1.1745540250362203
v 0.5899563729224697 0.18395056985964076 0.9439728077459582
v 0.5871143807793131 0.14171533537426062 1.1587153831091666
v 0.7623758651254269 0.1174273881516732 1.1562579506055637
v 0.765217857268583 0.15966262263705333 0.9415153752423555
v 0.6625933318047155 0.043611068201355296 1.14041930867851
v 0.6654353239478719 0.08584630268673543 0.9256767333153015
vt 0.052083333333333336 0.21875
vt 0.07291666666666667 0.21875
vt 0.07291666666666667 0.1875
vt 0.052083333333333336 0.1875
vt 0.16666666666666666 0.46875
vt 0.20833333333333334 0.46875
vt 0.20833333333333334 0.4375
vt 0.16666666666666666 0.4375
vt 0.1875 0.40625
vt 0.20833333333333334 0.40625
vt 0.20833333333333334 0.375
vt 0.1875 0.375
vt 0.041666666666666664 0.25
vt 0.08333333333333333 0.25
vt 0.08333333333333333 0.21875
vt 0.041666666666666664 0.21875
vt 0.1875 0.375
vt 0.16666666666666666 0.375
vt 0.16666666666666666 0.4375
vt 0.1875 0.4375
vt 0.10416666666666667 0.25
vt 0.08333333333333333 0.25
vt 0.08333333333333333 0.1875
vt 0.10416666666666667 0.1875
vn -0.012984544343376049 -0.19296509188066305 0.9811197046862745
vn -0.603228379823395 0.7840500872959469 0.14622237307218108
vn 0.012984544343376049 0.19296509188066305 -0.9811197046862745
vn 0.603228379823395 -0.7840500872959469 -0.14622237307218108
vn 0.7974628037619287 0.5899406189835599 0.1265825528635669
vn -0.7974628037619287 -0.5899406189835599 -0.1265825528635669
usemtl m_8bafc722-eae3-ba30-1666-12582b33de29
f 100/292/73 103/291/73 101/290/73 98/289/73
f 99/296/74 100/295/74 98/294/74 97/293/74
f 104/300/75 99/299/75 97/298/75 102/297/75
f 103/304/76 104/303/76 102/302/76 101/301/76
f 102/308/77 97/307/77 98/306/77 101/305/77
f 103/312/78 100/311/78 99/310/78 104/309/78
o Base
v 0.7370825914841515 0.2509056944958088 1.1060601653415607
v 0.6278665662075484 0.22754521257493465 1.2794533895667448
v 0.6646519322891042 0.18434708575850323 1.0514707779890249
v 0.5554359070125012 0.16098660383762908 1.2248640022142088
v 0.7245263083291063 0.08785804750924331 1.321517509299651
v 0.8337423336057095 0.11121852943011745 1.1481242850744668
v 0.652095649134059 0.02129943877193774 1.266928121947115
v 0.7613116744106623 0.04465992069281188 1.093534897721931
vt 0.16666666666666666 0.234375
vt 0.19791666666666666 0.234375
vt 0.19791666666666666 0.203125
vt 0.16666666666666666 0.203125
vt 0.16666666666666666 0.375
vt 0.20833333333333334 0.375
vt 0.20833333333333334 0.34375
vt 0.16666666666666666 0.34375
vt 0 0.21875
vt 0.03125 0.21875
vt 0.03125 0.1875
vt 0 0.1875
vt 0.17708333333333334 0.34375
vt 0.21875 0.34375
vt 0.21875 0.3125
vt 0.17708333333333334 0.3125
vt 0.0625 0.25
vt 0.03125 0.25
vt 0.03125 0.3125
vt 0.0625 0.3125
vt 0.16666666666666666 0.453125
vt 0.13541666666666666 0.453125
vt 0.13541666666666666 0.390625
vt 0.16666666666666666 0.390625
vn -0.5295322437653487 -0.11326294264666263 0.84069442048574
vn -0.5523413835517593 0.79821237180395 -0.24036639847374922
vn 0.5295322437653487 0.11326294264666263 -0.84069442048574
vn 0.5523413835517593 -0.79821237180395 0.24036639847374922
vn 0.6438280817337525 0.5916320776649385 0.48523899868920756
vn -0.6438280817337525 -0.5916320776649385 -0.48523899868920756
usemtl m_8bafc722-eae3-ba30-1666-12582b33de29
f 108/316/79 111/315/79 109/314/79 106/313/79
f 107/320/80 108/319/80 106/318/80 105/317/80
f 112/324/81 107/323/81 105/322/81 110/321/81
f 111/328/82 112/327/82 110/326/82 109/325/82
f 110/332/83 105/331/83 106/330/83 109/329/83
f 111/336/84 108/335/84 107/334/84 112/333/84
o Base
v 0.8141548001761616 0.22667027639804616 0.8196113048477356
v 0.7379328736261823 0.2648897302059917 1.1216824999137862
v 0.6635340131156271 0.11524524198752628 0.7957030251756296
v 0.5873120865656478 0.15346469579547195 1.0977742202416798
v 0.8422563524445208 0.11412736848152072 1.1670817034255154
v 0.9184782789945001 0.07590791467357505 0.865010508359465
v 0.6916355653839865 0.002702334071000956 1.1431734237534092
v 0.7678574919339658 -0.03551711973694471 0.8411022286873588
vt 0.13541666666666666 0.390625
vt 0.16666666666666666 0.390625
vt 0.16666666666666666 0.34375
vt 0.13541666666666666 0.34375
vt 0.08333333333333333 0.375
vt 0.13541666666666666 0.375
vt 0.13541666666666666 0.328125
vt 0.08333333333333333 0.328125
vt 0.14583333333333334 0.34375
vt 0.17708333333333334 0.34375
vt 0.17708333333333334 0.296875
vt 0.14583333333333334 0.296875
vt 0.10416666666666667 0.5
vt 0.15625 0.5
vt 0.15625 0.453125
vt 0.10416666666666667 0.453125
vt 0.13541666666666666 0.375
vt 0.10416666666666667 0.375
vt 0.10416666666666667 0.453125
vt 0.13541666666666666 0.453125
vt 0.11458333333333333 0.328125
vt 0.08333333333333333 0.328125
vt 0.08333333333333333 0.25
vt 0.11458333333333333 0.25
vn -0.24284166164867915 0.1217664796748567 0.9623932937189978
vn -0.5523413835517593 0.7982123718039501 -0.24036639847374916
vn 0.24284166164867915 -0.1217664796748567 -0.9623932937189978
vn 0.5523413835517593 -0.7982123718039501 0.24036639847374916
vn 0.797462803761929 0.5899406189835599 0.1265825528635669
vn -0.797462803761929 -0.5899406189835599 -0.1265825528635669
usemtl m_8bafc722-eae3-ba30-1666-12582b33de29
f 116/340/85 119/339/85 117/338/85 114/337/85
f 115/344/86 116/343/86 114/342/86 113/341/86
f 120/348/87 115/347/87 113/346/87 118/345/87
f 119/352/88 120/351/88 118/350/88 117/349/88
f 118/356/89 113/355/89 114/354/89 117/353/89
f 119/360/90 116/359/90 115/358/90 120/357/90
o Base
v 0.8334674828594419 0.32004922422605775 0.8279071297285701
v 0.7010182303876342 0.2917193306965613 1.0381858216525657
v 0.672429983915787 0.17206725080011498 0.7065367251814321
v 0.5399807314439793 0.14373735727061865 0.9168154171054275
v 0.873693955420503 0.04217818796135131 1.1133303669754215
v 1.006143207892311 0.07050808149084775 0.9030516750514259
v 0.7126564564768483 -0.10580378546459146 0.9919599624282833
v 0.845105708948656 -0.07747389193509502 0.7816812705042879
vt 0 0.5
vt 0.052083333333333336 0.5
vt 0.052083333333333336 0.4375
vt 0 0.4375
vt 0 0.375
vt 0.041666666666666664 0.375
vt 0.041666666666666664 0.3125
vt 0 0.3125
vt 0 0.4375
vt 0.052083333333333336 0.4375
vt 0.052083333333333336 0.375
vt 0 0.375
vt 0.041666666666666664 0.375
vt 0.08333333333333333 0.375
vt 0.08333333333333333 0.3125
vt 0.041666666666666664 0.3125
vt 0.10416666666666667 0.4375
vt 0.052083333333333336 0.4375
vt 0.052083333333333336 0.5
vt 0.10416666666666667 0.5
vt 0.10416666666666667 0.4375
vt 0.052083333333333336 0.4375
vt 0.052083333333333336 0.375
vt 0.10416666666666667 0.375
vn -0.5295322437653487 -0.11326294264666263 0.84069442048574
vn -0.5523413835517593 0.79821237180395 -0.24036639847374922
vn 0.5295322437653487 0.11326294264666263 -0.84069442048574
vn 0.5523413835517593 -0.79821237180395 0.24036639847374922
vn 0.6438280817337525 0.5916320776649385 0.48523899868920756
vn -0.6438280817337525 -0.5916320776649385 -0.48523899868920756
usemtl m_8bafc722-eae3-ba30-1666-12582b33de29
f 124/364/91 127/363/91 125/362/91 122/361/91
f 123/368/92 124/367/92 122/366/92 121/365/92
f 128/372/93 123/371/93 121/370/93 126/369/93
f 127/376/94 128/375/94 126/374/94 125/373/94
f 126/380/95 121/379/95 122/378/95 125/377/95
f 127/384/96 124/383/96 123/382/96 128/381/96
o Base
v 0.9907183553170322 0.12019075472789065 0.843203912482569
v 0.9245268248463636 0.10603288689705781 0.9482907150432864
v 0.9102398451003131 0.04623674501977326 0.7825490376464179
v 0.8440483146296445 0.032078877188940425 0.8876358402071356
v 0.9935694977903335 0.006256340421563977 0.9783365148525052
v 1.0597610282610022 0.020414208252396815 0.8732497122917877
v 0.9130909875736144 -0.0676976692865533 0.9176816400163541
v 0.979282518044283 -0.05353980145572046 0.8125948374556367
vt 0.3333333333333333 0.875
vt 0.375 0.875
vt 0.375 0.8125
vt 0.3333333333333333 0.8125
vt 0.4375 1
vt 0.4791666666666667 1
vt 0.4791666666666667 0.9375
vt 0.4375 0.9375
vt 0.4375 0.9375
vt 0.4791666666666667 0.9375
vt 0.4791666666666667 0.875
vt 0.4375 0.875
vt 0.4375 0.875
vt 0.4791666666666667 0.875
vt 0.4791666666666667 0.8125
vt 0.4375 0.8125
vt 0.375 0.75
vt 0.3333333333333333 0.75
vt 0.3333333333333333 0.8125
vt 0.375 0.8125
vt 0.4166666666666667 0.8125
vt 0.375 0.8125
vt 0.375 0.75
vt 0.4166666666666667 0.75
vn -0.5295322437653487 -0.11326294264666263 0.84069442048574
vn -0.5523413835517593 0.79821237180395 -0.24036639847374922
vn 0.5295322437653487 0.11326294264666263 -0.84069442048574
vn 0.5523413835517593 -0.79821237180395 0.24036639847374922
vn 0.6438280817337525 0.5916320776649385 0.48523899868920756
vn -0.6438280817337525 -0.5916320776649385 -0.48523899868920756
usemtl m_8bafc722-eae3-ba30-1666-12582b33de29
f 132/388/97 135/387/97 133/386/97 130/385/97
f 131/392/98 132/391/98 130/390/98 129/389/98
f 136/396/99 131/395/99 129/394/99 134/393/99
f 135/400/100 136/399/100 134/398/100 133/397/100
f 134/404/101 129/403/101 130/402/101 133/401/101
f 135/408/102 132/407/102 131/406/102 136/405/102
o Base
v 1.0285774240679961 0.04527197682349071 0.8324402373847142
v 0.9596143295063881 0.01423612288461329 0.8878471851329104
v 0.9918108893263362 -0.0019079840215064925 0.7602506556034427
v 0.922847794764728 -0.032943837960383915 0.8156576033516392
v 1.0113963342143655 -0.060596286972007085 0.9103815349898243
v 1.0803594287759737 -0.029560433033129663 0.8549745872416281
v 0.9746297994727056 -0.10777624781700423 0.8381919532085531
v 1.0435928940343135 -0.07674039387812681 0.7827850054603567
vt 0.375 0.75
vt 0.4166666666666667 0.75
vt 0.4166666666666667 0.6875
vt 0.375 0.6875
vt 0.4166666666666667 0.75
vt 0.4583333333333333 0.75
vt 0.4583333333333333 0.6875
vt 0.4166666666666667 0.6875
vt 0.4583333333333333 0.75
vt 0.5 0.75
vt 0.5 0.6875
vt 0.4583333333333333 0.6875
vt 0.5 0.8125
vt 0.5416666666666666 0.8125
vt 0.5416666666666666 0.75
vt 0.5 0.75
vt 0.5416666666666666 0.6875
vt 0.5 0.6875
vt 0.5 0.75
vt 0.5416666666666666 0.75
vt 0.5625 1
vt 0.5208333333333334 1
vt 0.5208333333333334 0.9375
vt 0.5625 0.9375
vn -0.7356063419904871 -0.33104910868135934 0.5910074426474272
vn -0.5523413835517593 0.79821237180395 -0.24036639847374908
vn 0.7356063419904871 0.33104910868135934 -0.5910074426474272
vn 0.5523413835517593 -0.79821237180395 0.24036639847374908
vn 0.39217637057770677 0.5032529156799697 0.770022205666893
vn -0.39217637057770677 -0.5032529156799697 -0.770022205666893
usemtl m_8bafc722-eae3-ba30-1666-12582b33de29
f 140/412/103 143/411/103 141/410/103 138/409/103
f 139/416/104 140/415/104 138/414/104 137/413/104
f 144/420/105 139/419/105 137/418/105 142/417/105
f 143/424/106 144/423/106 142/422/106 141/421/106
f 142/428/107 137/427/107 138/426/107 141/425/107
f 143/432/108 140/431/108 139/430/108 144/429/108
o Base
v 1.1048260524472218 0.01232806159169575 0.7948454917631813
v 1.012875259698411 -0.029053076993474147 0.8687214220941097
v 1.080315029286115 -0.019125245638302313 0.7467191039090002
v 0.9883642365373042 -0.06050638422347221 0.8205950342399286
v 1.047396596170396 -0.07894135023122101 0.8837443219987189
v 1.1393473889192067 -0.037560211646051056 0.8098683916677905
v 1.0228855730092892 -0.11039465746121907 0.8356179341445382
v 1.1148363657581002 -0.06901351887604917 0.7617420038136098
vt 0.5208333333333334 0.9375
vt 0.5625 0.9375
vt 0.5625 0.875
vt 0.5208333333333334 0.875
vt 0.3333333333333333 1
vt 0.3958333333333333 1
vt 0.3958333333333333 0.9375
vt 0.3333333333333333 0.9375
vt 0.5208333333333334 0.875
vt 0.5625 0.875
vt 0.5625 0.8125
vt 0.5208333333333334 0.8125
vt 0.3333333333333333 0.9375
vt 0.3958333333333333 0.9375
vt 0.3958333333333333 0.875
vt 0.3333333333333333 0.875
vt 0.4375 0.90625
vt 0.3958333333333333 0.90625
vt 0.3958333333333333 1
vt 0.4375 1
vt 0.4375 0.90625
vt 0.3958333333333333 0.90625
vt 0.3958333333333333 0.8125
vt 0.4375 0.8125
vn -0.7356063419904871 -0.33104910868135934 0.5910074426474272
vn -0.5523413835517593 0.79821237180395 -0.24036639847374908
vn 0.7356063419904871 0.33104910868135934 -0.5910074426474272
vn 0.5523413835517593 -0.79821237180395 0.24036639847374908
vn 0.39217637057770677 0.5032529156799697 0.770022205666893
vn -0.39217637057770677 -0.5032529156799697 -0.770022205666893
usemtl m_8bafc722-eae3-ba30-1666-12582b33de29
f 148/436/109 151/435/109 149/434/109 146/433/109
f 147/440/110 148/439/110 146/438/110 145/437/110
f 152/444/111 147/443/111 145/442/111 150/441/111
f 151/448/112 152/447/112 150/446/112 149/445/112
f 150/452/113 145/451/113 146/450/113 149/449/113
f 151/456/114 148/455/114 147/454/114 152/453/114
o Base
v 0.8181116729571074 0.3696321209166249 0.7680894129595224
v 0.7519201424864388 0.35547425308579217 0.8731762155202398
v 0.737633162740388 0.2956781112085076 0.7074345381233713
v 0.6714416322697194 0.2815202433776749 0.812521340684089
v 0.8209628154304087 0.25569770661029834 0.9032220153294586
v 0.8871543459010773 0.2698555744411312 0.7981352127687411
v 0.7404843052136896 0.18174369690218106 0.8425671404933075
v 0.8066758356843582 0.1959015647330139 0.73748033793259
vt 0 0.875
vt 0.041666666666666664 0.875
vt 0.041666666666666664 0.8125
vt 0 0.8125
vt 0.10416666666666667 1
vt 0.14583333333333334 1
vt 0.14583333333333334 0.9375
vt 0.10416666666666667 0.9375
vt 0.10416666666666667 0.9375
vt 0.14583333333333334 0.9375
vt 0.14583333333333334 0.875
vt 0.10416666666666667 0.875
vt 0.10416666666666667 0.875
vt 0.14583333333333334 0.875
vt 0.14583333333333334 0.8125
vt 0.10416666666666667 0.8125
vt 0.041666666666666664 0.75
vt 0 0.75
vt 0 0.8125
vt 0.041666666666666664 0.8125
vt 0.08333333333333333 0.8125
vt 0.041666666666666664 0.8125
vt 0.041666666666666664 0.75
vt 0.08333333333333333 0.75
vn -0.5295322437653487 -0.11326294264666263 0.84069442048574
vn -0.5523413835517593 0.79821237180395 -0.24036639847374922
vn 0.5295322437653487 0.11326294264666263 -0.84069442048574
vn 0.5523413835517593 -0.79821237180395 0.24036639847374922
vn 0.6438280817337525 0.5916320776649385 0.48523899868920756
vn -0.6438280817337525 -0.5916320776649385 -0.48523899868920756
usemtl m_8bafc722-eae3-ba30-1666-12582b33de29
f 156/460/115 159/459/115 157/458/115 154/457/115
f 155/464/116 156/463/116 154/462/116 153/461/116
f 160/468/117 155/467/117 153/466/117 158/465/117
f 159/472/118 160/471/118 158/470/118 157/469/118
f 158/476/119 153/475/119 154/474/119 157/473/119
f 159/480/120 156/479/120 155/478/120 160/477/120
o Base
v 0.7869280687641012 0.3944898894877189 0.7272799380524488
v 0.7179649742024932 0.36345403554884137 0.782686885800645
v 0.7501615340224412 0.3473099286427217 0.6550903562711774
v 0.681198439460833 0.3162740747038444 0.7104973040193738
v 0.7697469789104705 0.28862162569222116 0.8052212356575592
v 0.8387100734720787 0.3196574796310985 0.7498142879093628
v 0.7329804441688106 0.24144166484722396 0.7330316538762878
v 0.8019435387304186 0.2724775187861015 0.6776247061280916
vt 0.041666666666666664 0.75
vt 0.08333333333333333 0.75
vt 0.08333333333333333 0.6875
vt 0.041666666666666664 0.6875
vt 0.08333333333333333 0.75
vt 0.125 0.75
vt 0.125 0.6875
vt 0.08333333333333333 0.6875
vt 0.125 0.75
vt 0.16666666666666666 0.75
vt 0.16666666666666666 0.6875
vt 0.125 0.6875
vt 0.16666666666666666 0.8125
vt 0.20833333333333334 0.8125
vt 0.20833333333333334 0.75
vt 0.16666666666666666 0.75
vt 0.20833333333333334 0.6875
vt 0.16666666666666666 0.6875
vt 0.16666666666666666 0.75
vt 0.20833333333333334 0.75
vt 0.22916666666666666 1
vt 0.1875 1
vt 0.1875 0.9375
vt 0.22916666666666666 0.9375
vn -0.7356063419904871 -0.33104910868135934 0.5910074426474272
vn -0.5523413835517593 0.79821237180395 -0.24036639847374908
vn 0.7356063419904871 0.33104910868135934 -0.5910074426474272
vn 0.5523413835517593 -0.79821237180395 0.24036639847374908
vn 0.39217637057770677 0.5032529156799697 0.770022205666893
vn -0.39217637057770677 -0.5032529156799697 -0.770022205666893
usemtl m_8bafc722-eae3-ba30-1666-12582b33de29
f 164/484/121 167/483/121 165/482/121 162/481/121
f 163/488/122 164/487/122 162/486/122 161/485/122
f 168/492/123 163/491/123 161/490/123 166/489/123
f 167/496/124 168/495/124 166/494/124 165/493/124
f 166/500/125 161/499/125 162/498/125 165/497/125
f 167/504/126 164/503/126 163/502/126 168/501/126
o Base
v 0.8148468260825479 0.43138955678876967 0.6686531325644629
v 0.7228960333337371 0.39000841820359977 0.7425290628953913
v 0.7903358029214411 0.3999362495587715 0.620526744710282
v 0.6983850101726303 0.3585551109736016 0.6944026750412104
v 0.7574173698057218 0.34012014496585286 0.7575519628000005
v 0.8493681625545328 0.38150128355102275 0.683676032469072
v 0.7329063466446153 0.3086668377358548 0.7094255749458198
v 0.8248571393934263 0.3500479763210247 0.6355496446148914
vt 0.1875 0.9375
vt 0.22916666666666666 0.9375
vt 0.22916666666666666 0.875
vt 0.1875 0.875
vt 0 1
vt 0.0625 1
vt 0.0625 0.9375
vt 0 0.9375
vt 0.1875 0.875
vt 0.22916666666666666 0.875
vt 0.22916666666666666 0.8125
vt 0.1875 0.8125
vt 0 0.9375
vt 0.0625 0.9375
vt 0.0625 0.875
vt 0 0.875
vt 0.10416666666666667 0.90625
vt 0.0625 0.90625
vt 0.0625 1
vt 0.10416666666666667 1
vt 0.10416666666666667 0.90625
vt 0.0625 0.90625
vt 0.0625 0.8125
vt 0.10416666666666667 0.8125
vn -0.7356063419904871 -0.33104910868135934 0.5910074426474272
vn -0.5523413835517593 0.79821237180395 -0.24036639847374908
vn 0.7356063419904871 0.33104910868135934 -0.5910074426474272
vn 0.5523413835517593 -0.79821237180395 0.24036639847374908
vn 0.39217637057770677 0.5032529156799697 0.770022205666893
vn -0.39217637057770677 -0.5032529156799697 -0.770022205666893
usemtl m_8bafc722-eae3-ba30-1666-12582b33de29
f 172/508/127 175/507/127 173/506/127 170/505/127
f 171/512/128 172/511/128 170/510/128 169/509/128
f 176/516/129 171/515/129 169/514/129 174/513/129
f 175/520/130 176/519/130 174/518/130 173/517/130
f 174/524/131 169/523/131 170/522/131 173/521/131
f 175/528/132 172/527/132 171/526/132 176/525/132
o cube
v 0.9059770980611861 0.014937088811241561 0.08081050118286615
v 0.9644205967500854 -0.02902940191185266 0.20456577442201618
v 0.8389005486708989 0.121400764587269 0.15031075126982107
v 0.8973440473597982 0.07743427386417479 0.2740660245089711
v 0.8515084340620338 -0.11503228519929226 0.2273343950072435
v 0.7930649353731345 -0.07106579447619804 0.10357912176809347
v 0.7844318846717466 -0.008568609423264817 0.29683464509419843
v 0.7259883859828475 0.03539788129982946 0.1730793718550484
vt 0.6666666666666666 1
vt 0.6875 1
vt 0.6875 0.96875
vt 0.6666666666666666 0.96875
vt 0.6666666666666666 0.96875
vt 0.6875 0.96875
vt 0.6875 0.9375
vt 0.6666666666666666 0.9375
vt 0.6875 1
vt 0.7083333333333334 1
vt 0.7083333333333334 0.96875
vt 0.6875 0.96875
vt 0.6875 0.96875
vt 0.7083333333333334 0.96875
vt 0.7083333333333334 0.9375
vt 0.6875 0.9375
vt 0.6875 0.90625
vt 0.6666666666666666 0.90625
vt 0.6666666666666666 0.9375
vt 0.6875 0.9375
vt 0.7291666666666666 1
vt 0.7083333333333334 1
vt 0.7083333333333334 0.96875
vt 0.7291666666666666 0.96875
vn 0.4065634691401686 -0.3058538485084819 0.8609062486201746
vn 0.7854759143516622 0.5982809272169713 -0.15839040407114674
vn -0.4065634691401686 0.3058538485084819 -0.8609062486201746
