# Made in Blockbench 4.9.4
mtllib animal_skull_2.mtl

o cube
v -0.04598968841232237 0.09687500000000004 0.8109252970492173
v 0.22212586667932 0.09687500000000004 0.5859496336589287
v -0.04598968841232237 -0.003124999999999989 0.8109252970492173
v 0.22212586667932 -0.003124999999999989 0.5859496336589287
v 0.15784710571066596 0.09687500000000004 0.5093451893470307
v -0.11026844938097641 0.09687500000000004 0.7343208527373195
v 0.15784710571066596 -0.003124999999999989 0.5093451893470307
v -0.11026844938097641 -0.003124999999999989 0.7343208527373195
vt 0.21875 0.875
vt 0.25 0.875
vt 0.25 0.84375
vt 0.21875 0.84375
vt 0.125 0.84375
vt 0.25 0.84375
vt 0.25 0.8125
vt 0.125 0.8125
vt 0.5 0.9375
vt 0.53125 0.9375
vt 0.53125 0.90625
vt 0.5 0.90625
vt 0.1875 1
vt 0.3125 1
vt 0.3125 0.96875
vt 0.1875 0.96875
vt 0.21875 0.84375
vt 0.1875 0.84375
vt 0.1875 0.96875
vt 0.21875 0.96875
vt 0.15625 0.8125
vt 0.125 0.8125
vt 0.125 0.6875
vt 0.15625 0.6875
vn 0.766044443118978 0 -0.6427876096865393
vn 0.6427876096865393 0 0.766044443118978
vn -0.766044443118978 0 0.6427876096865393
vn -0.6427876096865393 0 -0.766044443118978
vn 0 1 0
vn 0 -1 0
usemtl m_b5286f4a-73a5-2757-8ecc-bf9abc6b9a3e
f 4/4/1 7/3/1 5/2/1 2/1/1
f 3/8/2 4/7/2 2/6/2 1/5/2
f 8/12/3 3/11/3 1/10/3 6/9/3
f 7/16/4 8/15/4 6/14/4 5/13/4
f 6/20/5 1/19/5 2/18/5 5/17/5
f 7/24/6 4/23/6 3/22/6 8/21/6
o cube
v -0.31833156814993946 0.06562500000000004 0.9397962045894084
v -0.07585652747873478 0.06562500000000004 0.7853225671896964
v -0.31833156814993946 0.028124999999999956 0.9397962045894084
v -0.07585652747873478 0.028124999999999956 0.7853225671896964
v -0.09600526279174076 0.06562500000000004 0.7536953879717132
v -0.33848030346294544 0.06562500000000004 0.908169025371425
v -0.09600526279174076 0.028124999999999956 0.7536953879717132
v -0.33848030346294544 0.028124999999999956 0.908169025371425
vt 0.21875 0.875
vt 0.25 0.875
vt 0.25 0.84375
vt 0.21875 0.84375
vt 0.125 0.84375
vt 0.25 0.84375
vt 0.25 0.8125
vt 0.125 0.8125
vt 0.5 0.9375
vt 0.53125 0.9375
vt 0.53125 0.90625
vt 0.5 0.90625
vt 0.1875 1
vt 0.3125 1
vt 0.3125 0.96875
vt 0.1875 0.96875
vt 0.21875 0.84375
vt 0.1875 0.84375
vt 0.1875 0.96875
vt 0.21875 0.96875
vt 0.15625 0.8125
vt 0.125 0.8125
vt 0.125 0.6875
vt 0.15625 0.6875
vn 0.8433914458128856 0 -0.5372996083468238
vn 0.5372996083468238 0 0.8433914458128856
vn -0.8433914458128856 0 0.5372996083468238
vn -0.5372996083468238 0 -0.8433914458128856
vn 0 1 0
vn 0 -1 0
usemtl m_b5286f4a-73a5-2757-8ecc-bf9abc6b9a3e
f 12/28/7 15/27/7 13/26/7 10/25/7
f 11/32/8 12/31/8 10/30/8 9/29/8
f 16/36/9 11/35/9 9/34/9 14/33/9
f 15/40/10 16/39/10 14/38/10 13/37/10
f 14/44/11 9/43/11 10/42/11 13/41/11
f 15/48/12 12/47/12 11/46/12 16/45/12
o cube
v 0.8818905701261843 0.07429668269660539 0.5317708818527607
v 1.2294584187913293 0.056303685408404136 0.7531960218501641
v 0.8805110119446022 0.036832374387285705 0.5308920063622211
v 1.2280788606097472 0.018839377099084564 0.7523171463596245
v 1.2496071541043352 0.056303685408404136 0.7215688426321809
v 0.9020393054391902 0.07429668269660539 0.5001437026347775
v 1.2482275959227531 0.018839377099084564 0.7206899671416411
v 0.9006597472576081 0.036832374387285705 0.4992648271442378
vt 0.21875 0.875
vt 0.25 0.875
vt 0.25 0.84375
vt 0.21875 0.84375
vt 0.125 0.84375
vt 0.25 0.84375
vt 0.25 0.8125
vt 0.125 0.8125
vt 0.5 0.9375
vt 0.53125 0.9375
vt 0.53125 0.90625
vt 0.5 0.90625
vt 0.1875 1
vt 0.3125 1
vt 0.3125 0.96875
vt 0.1875 0.96875
vt 0.21875 0.84375
vt 0.1875 0.84375
vt 0.1875 0.96875
vt 0.21875 0.96875
vt 0.15625 0.8125
vt 0.125 0.8125
vt 0.125 0.6875
vt 0.15625 0.6875
vn 0.8425887240367153 -0.04361938736533617 0.5367882181755231
vn -0.537299608346824 7.632783294297949e-17 0.8433914458128856
vn -0.8425887240367153 0.04361938736533617 -0.5367882181755231
vn 0.537299608346824 -7.632783294297949e-17 -0.8433914458128856
vn 0.036788218175523225 0.9990482215818577 0.023436679747723458
vn -0.036788218175523225 -0.9990482215818577 -0.023436679747723458
usemtl m_b5286f4a-73a5-2757-8ecc-bf9abc6b9a3e
f 20/52/13 23/51/13 21/50/13 18/49/13
f 19/56/14 20/55/14 18/54/14 17/53/14
f 24/60/15 19/59/15 17/58/15 22/57/15
f 23/64/16 24/63/16 22/62/16 21/61/16
f 22/68/17 17/67/17 18/66/17 21/65/17
f 23/72/18 20/71/18 19/70/18 24/69/18
o cube
v 1.4997091384582557 0.0401930209509207 0.5402569397846664
v 1.2319010983115608 0.06362318846485193 0.7115211899452158
v 1.4937171811443541 -0.028295364542886836 0.5402569397846664
v 1.2259091409976595 -0.004865197028955548 0.7115211899452158
v 1.2686998810136898 0.0604037121468618 0.7695043518448519
v 1.5365079211603847 0.036973544632930566 0.5982401016843024
v 1.2627079236997885 -0.008084673346945737 0.7695043518448519
v 1.530515963846483 -0.03151484086087697 0.5982401016843024
vt 0.5 0.734375
vt 0.53125 0.734375
vt 0.53125 0.703125
vt 0.5 0.703125
vt 0.28125 0.75
vt 0.375 0.75
vt 0.375 0.71875
vt 0.28125 0.71875
vt 0.296875 0.5
vt 0.328125 0.5
vt 0.328125 0.46875
vt 0.296875 0.46875
vt 0.28125 0.71875
vt 0.375 0.71875
vt 0.375 0.6875
vt 0.28125 0.6875
vt 0.03125 0.609375
vt 0 0.609375
vt 0 0.703125
vt 0.03125 0.703125
vt 0.0625 0.703125
vt 0.03125 0.703125
vt 0.03125 0.609375
vt 0.0625 0.609375
vn -0.8401820867347293 0.07350640788684332 0.5372996083468226
vn -0.535255021121876 0.046828746443493156 -0.8433914458128865
vn 0.8401820867347293 -0.07350640788684332 -0.5372996083468226
vn 0.535255021121876 -0.046828746443493156 0.8433914458128865
vn 0.08715574274765808 0.9961946980917455 5.551115123125783e-17
vn -0.08715574274765808 -0.9961946980917455 -5.551115123125783e-17
usemtl m_b5286f4a-73a5-2757-8ecc-bf9abc6b9a3e
f 28/76/19 31/75/19 29/74/19 26/73/19
f 27/80/20 28/79/20 26/78/20 25/77/20
f 32/84/21 27/83/21 25/82/21 30/81/21
f 31/88/22 32/87/22 30/86/22 29/85/22
f 30/92/23 25/91/23 26/90/23 29/89/23
f 31/96/24 28/95/24 27/94/24 32/93/24
o cube
v 1.3291997481914481 0.06452147060095248 0.74133671564207
v 1.124524591747778 0.08242822649516868 0.47357996329377905
v 1.3215736207010282 -0.02264556548207519 0.74133671564207
v 1.1168984642573578 -0.004738809587859105 0.47357996329377905
v 1.0553703325080215 0.08847844021318019 0.5268465883320423
v 1.2600454889516919 0.0705716843189641 0.7946033406803332
v 1.0477442050176013 0.0013114041301525159 0.5268465883320423
v 1.2524193614612718 -0.016595351764063626 0.7946033406803332
vt 0.5 0.703125
vt 0.53125 0.703125
vt 0.53125 0.671875
vt 0.5 0.671875
vt 0.3125 1
vt 0.40625 1
vt 0.40625 0.96875
vt 0.3125 0.96875
vt 0.328125 0.5
vt 0.359375 0.5
vt 0.359375 0.46875
vt 0.328125 0.46875
vt 0.0625 0.6875
vt 0.15625 0.6875
vt 0.15625 0.65625
vt 0.0625 0.65625
vt 0.3125 0.59375
vt 0.28125 0.59375
vt 0.28125 0.6875
vt 0.3125 0.6875
vt 0.34375 0.6875
vt 0.3125 0.6875
vt 0.3125 0.59375
vt 0.34375 0.59375
vn -0.6064449079812456 0.05305705450138117 -0.7933533402912325
vn 0.7903343913115022 -0.06914529963441803 -0.6087614290087241
vn 0.6064449079812456 -0.05305705450138117 0.7933533402912325
vn -0.7903343913115022 0.06914529963441803 0.6087614290087241
vn 0.08715574274765822 0.9961946980917455 -2.0816681711721685e-17
vn -0.08715574274765822 -0.9961946980917455 2.0816681711721685e-17
usemtl m_b5286f4a-73a5-2757-8ecc-bf9abc6b9a3e
f 36/100/25 39/99/25 37/98/25 34/97/25
f 35/104/26 36/103/26 34/102/26 33/101/26
f 40/108/27 35/107/27 33/106/27 38/105/27
f 39/112/28 40/111/28 38/110/28 37/109/28
f 38/116/29 33/115/29 34/114/29 37/113/29
f 39/120/30 36/119/30 35/118/30 40/117/30
o cube
v 1.1245419548080564 0.08870058140887616 0.4710369081973954
v 0.6553977004913807 0.1297453852199083 0.40903696689287194
v 1.1158263805332906 -0.010918888400298421 0.4710369081973954
v 0.6466821262166149 0.030125915410733728 0.40903696689287194
v 0.6423947504262091 0.13088299594300445 0.5081814530302531
v 1.1115390047428848 0.0898381921319723 0.5701813943347767
v 0.6336791761514431 0.03126352613382988 0.5081814530302531
v 1.1028234304681188 -0.009781277677202216 0.5701813943347767
vt 0.5 0.671875
vt 0.53125 0.671875
vt 0.53125 0.640625
vt 0.5 0.640625
vt 0.15625 0.8125
vt 0.28125 0.8125
vt 0.28125 0.78125
vt 0.15625 0.78125
vt 0.359375 0.5
vt 0.390625 0.5
vt 0.390625 0.46875
vt 0.359375 0.46875
vt 0.21875 0.96875
vt 0.34375 0.96875
vt 0.34375 0.9375
vt 0.21875 0.9375
vt 0.1875 0.65625
vt 0.15625 0.65625
vt 0.15625 0.78125
vt 0.1875 0.78125
vt 0.21875 0.78125
vt 0.1875 0.78125
vt 0.1875 0.65625
vt 0.21875 0.65625
vn -0.9876721143508961 0.08641011328638347 -0.13052619222004921
vn 0.1300295006517171 -0.011376107230962006 -0.9914448613738108
vn 0.9876721143508961 -0.08641011328638347 0.13052619222004921
vn -0.1300295006517171 0.011376107230962006 0.9914448613738108
vn 0.08715574274765818 0.9961946980917457 -1.734723475976807e-17
vn -0.08715574274765818 -0.9961946980917457 1.734723475976807e-17
usemtl m_b5286f4a-73a5-2757-8ecc-bf9abc6b9a3e
f 44/124/31 47/123/31 45/122/31 42/121/31
f 43/128/32 44/127/32 42/126/32 41/125/32
f 48/132/33 43/131/33 41/130/33 46/129/33
f 47/136/34 48/135/34 46/134/34 45/133/34
f 46/140/35 41/139/35 42/138/35 45/137/35
f 47/144/36 44/143/36 43/142/36 48/141/36
o cube
v -0.379991236354554 0.09062499999999996 0.7908740580715414
v -0.04377552574858984 0.09062499999999996 0.8202891212488761
v -0.379991236354554 0.0031250000000000444 0.7908740580715414
v -0.04377552574858984 0.0031250000000000444 0.8202891212488761
v -0.03614939825816976 0.09062499999999996 0.7331220851658484
v -0.3723651088641339 0.09062499999999996 0.7037070219885138
v -0.03614939825816976 0.0031250000000000444 0.7331220851658484
v -0.3723651088641339 0.0031250000000000444 0.7037070219885138
vt 0.390625 0.5
vt 0.421875 0.5
vt 0.421875 0.46875
vt 0.390625 0.46875
vt 0.3125 0.875
vt 0.40625 0.875
vt 0.40625 0.84375
vt 0.3125 0.84375
vt 0.421875 0.5
vt 0.453125 0.5
vt 0.453125 0.46875
vt 0.421875 0.46875
vt 0.3125 0.84375
vt 0.40625 0.84375
vt 0.40625 0.8125
vt 0.3125 0.8125
vt 0.375 0.875
vt 0.34375 0.875
vt 0.34375 0.96875
vt 0.375 0.96875
vt 0.09375 0.65625
vt 0.0625 0.65625
vt 0.0625 0.5625
vt 0.09375 0.5625
vn 0.9961946980917455 0 0.08715574274765836
vn -0.08715574274765836 0 0.9961946980917455
vn -0.9961946980917455 0 -0.08715574274765836
vn 0.08715574274765836 0 -0.9961946980917455
vn 0 1 0
vn 0 -1 0
usemtl m_b5286f4a-73a5-2757-8ecc-bf9abc6b9a3e
f 52/148/37 55/147/37 53/146/37 50/145/37
f 51/152/38 52/151/38 50/150/38 49/149/38
f 56/156/39 51/155/39 49/154/39 54/153/39
f 55/160/40 56/159/40 54/158/40 53/157/40
f 54/164/41 49/163/41 50/162/41 53/161/41
f 55/168/42 52/167/42 51/166/42 56/165/42
o cube
v -0.3449518539628005 0.08125000000000004 1.0779051083302638
v -0.28960149733146645 0.08125000000000004 0.7639976370576225
v -0.3449518539628005 0.012499999999999956 1.0779051083302638
v -0.28960149733146645 0.012499999999999956 0.7639976370576225
v -0.3573070303510557 0.08125000000000004 0.752059324843021
v -0.4126573869823898 0.08125000000000004 1.0659667961156625
v -0.3573070303510557 0.012499999999999956 0.752059324843021
v -0.4126573869823898 0.012499999999999956 1.0659667961156625
vt 0.453125 0.5
vt 0.484375 0.5
vt 0.484375 0.46875
vt 0.453125 0.46875
vt 0.09375 0.65625
vt 0.1875 0.65625
vt 0.1875 0.625
vt 0.09375 0.625
vt 0.5 0.53125
vt 0.53125 0.53125
vt 0.53125 0.5
vt 0.5 0.5
vt 0.1875 0.65625
vt 0.28125 0.65625
vt 0.28125 0.625
vt 0.1875 0.625
vt 0.375 0.59375
vt 0.34375 0.59375
vt 0.34375 0.6875
vt 0.375 0.6875
vt 0.40625 0.96875
vt 0.375 0.96875
vt 0.375 0.875
vt 0.40625 0.875
vn 0.17364817766693033 0 -0.984807753012208
vn 0.984807753012208 0 0.17364817766693033
vn -0.17364817766693033 0 0.984807753012208
vn -0.984807753012208 0 -0.17364817766693033
vn 0 1 0
vn 0 -1 0
usemtl m_b5286f4a-73a5-2757-8ecc-bf9abc6b9a3e
f 60/172/43 63/171/43 61/170/43 58/169/43
f 59/176/44 60/175/44 58/174/44 57/173/44
f 64/180/45 59/179/45 57/178/45 62/177/45
f 63/184/46 64/183/46 62/182/46 61/181/46
f 62/188/47 57/187/47 58/186/47 61/185/47
f 63/192/48 60/191/48 59/190/48 64/189/48
o cube
v 0.5403844843056627 0.21959224086117812 0.7616592649248313
v 0.4912036419230805 0.08752403406720954 0.4827408476470094
v 0.544971164993165 0.16294800417138755 0.7876716237202552
v 0.49579032261058287 0.03087979737741886 0.5087532064424334
v 0.42965315735981746 0.08752403406720954 0.49359385875119255
v 0.4788339997423996 0.21959224086117812 0.7725122760290144
v 0.4342398380473198 0.03087979737741886 0.5196062175466165
v 0.48342068042990194 0.16294800417138755 0.7985246348244384
vt 0.484375 0.5
vt 0.515625 0.5
vt 0.515625 0.46875
vt 0.484375 0.46875
vt 0.34375 0.8125
vt 0.4375 0.8125
vt 0.4375 0.78125
vt 0.34375 0.78125
vt 0 0.484375
vt 0.03125 0.484375
vt 0.03125 0.453125
vt 0 0.453125
vt 0.34375 0.78125
vt 0.4375 0.78125
vt 0.4375 0.75
vt 0.34375 0.75
vt 0.125 0.53125
vt 0.09375 0.53125
vt 0.09375 0.625
vt 0.125 0.625
vt 0.15625 0.625
vt 0.125 0.625
vt 0.125 0.53125
vt 0.15625 0.53125
vn -0.15737869562426265 -0.42261826174069944 -0.8925389352890303
vn 0.9848077530122081 -1.3877787807814457e-17 -0.1736481776669303
vn 0.15737869562426265 0.42261826174069944 0.8925389352890303
vn -0.9848077530122081 1.3877787807814457e-17 0.1736481776669303
vn -0.07338689100003822 0.9063077870366502 -0.4161977407267834
vn 0.07338689100003822 -0.9063077870366502 0.4161977407267834
usemtl m_b5286f4a-73a5-2757-8ecc-bf9abc6b9a3e
f 68/196/49 71/195/49 69/194/49 66/193/49
f 67/200/50 68/199/50 66/198/50 65/197/50
f 72/204/51 67/203/51 65/202/51 70/201/51
f 71/208/52 72/207/52 70/206/52 69/205/52
f 70/212/53 65/211/53 66/210/53 69/209/53
f 71/216/54 68/215/54 67/214/54 72/213/54
o cube
v 0.7067580289403259 0.22163059460620982 1.012286731031632
v 0.5354937787797764 0.22163059460620982 0.7434557076787753
v 0.7067580289403259 0.15288059460620973 1.012286731031632
v 0.5354937787797764 0.15288059460620973 0.7434557076787753
v 0.4775106168801404 0.22163059460620982 0.7803950557526196
v 0.6487748670406901 0.22163059460620982 1.0492260791054762
v 0.4775106168801404 0.15288059460620973 0.7803950557526196
v 0.6487748670406901 0.15288059460620973 1.0492260791054762
vt 0.03125 0.484375
vt 0.0625 0.484375
vt 0.0625 0.453125
vt 0.03125 0.453125
vt 0.15625 0.625
vt 0.25 0.625
vt 0.25 0.59375
vt 0.15625 0.59375
vt 0.09375 0.484375
vt 0.125 0.484375
vt 0.125 0.453125
vt 0.09375 0.453125
vt 0.375 0.75
vt 0.46875 0.75
vt 0.46875 0.71875
vt 0.375 0.71875
vt 0.28125 0.53125
vt 0.25 0.53125
vt 0.25 0.625
vt 0.28125 0.625
vt 0.40625 0.71875
vt 0.375 0.71875
vt 0.375 0.625
vt 0.40625 0.625
vn -0.5372996083468239 6.388502861929205e-18 -0.8433914458128857
vn 0.8433914458128857 -1.0027940801744083e-17 -0.5372996083468239
vn 0.5372996083468239 -6.388502861929205e-18 0.8433914458128857
vn -0.8433914458128857 1.0027940801744083e-17 0.5372996083468239
vn 1.1890019576946095e-17 1 0
vn -1.1890019576946095e-17 -1 0
usemtl m_b5286f4a-73a5-2757-8ecc-bf9abc6b9a3e
f 76/220/55 79/219/55 77/218/55 74/217/55
f 75/224/56 76/223/56 74/222/56 73/221/56
f 80/228/57 75/227/57 73/226/57 78/225/57
f 79/232/58 80/231/58 78/230/58 77/229/58
f 78/236/59 73/235/59 74/234/59 77/233/59
f 79/240/60 76/239/60 75/238/60 80/237/60
o cube
v 0.8381364551536981 0.12261316914342602 0.6725517694730478
v 0.5534115478390302 0.20943064835262581 0.7676869493930623
v 0.8194138599567233 0.06300585972166173 0.6709137546415276
v 0.5346889526420555 0.14982333893086153 0.7660489345615418
v 0.5711028879600146 0.20223845288472675 0.8271977787359237
v 0.8558277952746827 0.11542097367552695 0.7320625988159093
v 0.5523802927630399 0.14263114346296246 0.8255597639044032
v 0.8371052000777077 0.05581366425376266 0.730424583984389
vt 0.515625 0.8125
vt 0.546875 0.8125
vt 0.546875 0.78125
vt 0.515625 0.78125
vt 0.375 0.625
vt 0.46875 0.625
vt 0.46875 0.59375
vt 0.375 0.59375
vt 0.515625 0.59375
vt 0.546875 0.59375
vt 0.546875 0.5625
vt 0.515625 0.5625
vt 0.40625 1
vt 0.5 1
vt 0.5 0.96875
vt 0.40625 0.96875
vt 0.03125 0.515625
vt 0 0.515625
vt 0 0.609375
vt 0.03125 0.609375
vt 0.0625 0.609375
vt 0.03125 0.609375
vt 0.03125 0.515625
vt 0.0625 0.515625
vn -0.9111197034069395 0.27781593346944006 0.30443257574404625
vn -0.2830614419357508 0.11507512748638517 -0.9521732694857832
vn 0.9111197034069395 -0.27781593346944006 -0.30443257574404625
vn 0.2830614419357508 -0.11507512748638517 0.9521732694857832
vn 0.29956152315159623 0.9537169507482269 0.026208237304324606
vn -0.29956152315159623 -0.9537169507482269 -0.026208237304324606
usemtl m_b5286f4a-73a5-2757-8ecc-bf9abc6b9a3e
f 84/244/61 87/243/61 85/242/61 82/241/61
f 83/248/62 84/247/62 82/246/62 81/245/62
f 88/252/63 83/251/63 81/250/63 86/249/63
f 87/256/64 88/255/64 86/254/64 85/253/64
f 86/260/65 81/259/65 82/258/65 85/257/65
f 87/264/66 84/263/66 83/262/66 88/261/66
o cube
v 0.5052616212159764 0.22268012083999522 0.7980517231052198
v 0.2801873464079453 0.10849542802491119 0.9602350352750086
v 0.513243217100547 0.17779194703231738 0.7775250093071682
v 0.2881689422925158 0.06360725421723334 0.939708321476957
v 0.31226717712433216 0.0974102494738176 0.9969501994132546
v 0.5373414519323634 0.21159494228890174 0.8347668872434657
v 0.32024877300890264 0.052522075666139756 0.976423485615203
v 0.5453230478169337 0.1667067684812239 0.8142401734454141
vt 0.515625 0.5625
vt 0.546875 0.5625
vt 0.546875 0.53125
vt 0.515625 0.53125
vt 0.40625 0.96875
vt 0.5 0.96875
vt 0.5 0.9375
vt 0.40625 0.9375
vt 0.515625 0.5
vt 0.546875 0.5
vt 0.546875 0.46875
vt 0.515625 0.46875
vt 0.40625 0.9375
vt 0.5 0.9375
vt 0.5 0.90625
vt 0.40625 0.90625
vt 0.4375 0.8125
vt 0.40625 0.8125
vt 0.40625 0.90625
vt 0.4375 0.90625
vt 0.1875 0.59375
vt 0.15625 0.59375
vt 0.15625 0.5
vt 0.1875 0.5
vn -0.7502475826934396 -0.380615642716948 0.5406110405659647
vn -0.6415966143277356 0.22170357102187077 -0.7343032827649194
vn 0.7502475826934396 0.380615642716948 -0.5406110405659647
vn 0.6415966143277356 -0.22170357102187077 0.7343032827649194
vn -0.1596319176914109 0.8977634761535551 0.41053427596103076
vn 0.1596319176914109 -0.8977634761535551 -0.41053427596103076
usemtl m_b5286f4a-73a5-2757-8ecc-bf9abc6b9a3e
f 92/268/67 95/267/67 93/266/67 90/265/67
f 91/272/68 92/271/68 90/270/68 89/269/68
f 96/276/69 91/275/69 89/274/69 94/273/69
f 95/280/70 96/279/70 94/278/70 93/277/70
f 94/284/71 89/283/71 90/282/71 93/281/71
f 95/288/72 92/287/72 91/286/72 96/285/72
o cube
v 0.6134616524268113 0.2307338150480076 0.9948338133904466
v 0.3674360995334669 0.07478913087156003 1.1080103692694432
v 0.6322687470937125 0.17925745830759532 0.9647883830070416
v 0.3862431942003679 0.02331277413114763 1.0779649388860382
v 0.40107239366839165 0.05794618232274207 1.1579219390809679
v 0.6470979465617361 0.21389086649918965 1.0447453832019713
v 0.41987948833529276 0.006469825582329669 1.1278765086975628
v 0.6659050412286371 0.16241450975877736 1.0146999528185663
vt 0.53125 1
vt 0.5625 1
vt 0.5625 0.96875
vt 0.53125 0.96875
vt 0.28125 0.59375
vt 0.375 0.59375
vt 0.375 0.5625
vt 0.28125 0.5625
vt 0.53125 0.96875
vt 0.5625 0.96875
vt 0.5625 0.9375
vt 0.53125 0.9375
vt 0.40625 0.71875
vt 0.5 0.71875
vt 0.5 0.6875
vt 0.40625 0.6875
vt 0.21875 0.5
vt 0.1875 0.5
vt 0.1875 0.59375
vt 0.21875 0.59375
vt 0.25 0.59375
vt 0.21875 0.59375
vt 0.21875 0.5
vt 0.25 0.5
vn -0.7872817692587046 -0.4990229893646341 0.3621649788127897
vn -0.5381807061587965 0.2694871767810878 -0.7985851169843938
vn 0.7872817692587046 0.4990229893646341 -0.3621649788127897
vn 0.5381807061587965 -0.2694871767810878 0.7985851169843938
vn -0.30091351467041694 0.8236217078465958 0.4807268861344803
vn 0.30091351467041694 -0.8236217078465958 -0.4807268861344803
usemtl m_b5286f4a-73a5-2757-8ecc-bf9abc6b9a3e
f 100/292/73 103/291/73 101/290/73 98/289/73
f 99/296/74 100/295/74 98/294/74 97/293/74
f 104/300/75 99/299/75 97/298/75 102/297/75
f 103/304/76 104/303/76 102/302/76 101/301/76
f 102/308/77 97/307/77 98/306/77 101/305/77
f 103/312/78 100/311/78 99/310/78 104/309/78
o cube
v 0.9818705938988836 0.04257648365049993 0.9765999966806396
v 0.7496082990646196 0.17202916787941613 1.1155108635854625
v 0.9568694950420036 -0.0006990760146333708 0.9751265681557326
v 0.7246072002077395 0.12875360821428272 1.1140374350605555
v 0.7690106531689742 0.15931201385857752 1.1598033307646514
v 1.0012729480032383 0.029859329629661424 1.0208924638598285
v 0.7440095543120941 0.11603645419344422 1.1583299022397442
v 0.9762718491463582 -0.013416230035471988 1.0194190353349213
vt 0.0625 0.46875
vt 0.09375 0.46875
vt 0.09375 0.4375
vt 0.0625 0.4375
vt 0.40625 0.6875
vt 0.5 0.6875
vt 0.5 0.65625
vt 0.40625 0.65625
vt 0.53125 0.9375
vt 0.5625 0.9375
vt 0.5625 0.90625
vt 0.53125 0.90625
vt 0.40625 0.65625
vt 0.5 0.65625
vt 0.5 0.625
vt 0.40625 0.625
vt 0.40625 0.5
vt 0.375 0.5
vt 0.375 0.59375
vt 0.40625 0.59375
vt 0.4375 0.59375
vt 0.40625 0.59375
vt 0.40625 0.5
vt 0.4375 0.5
vn -0.7742076494475489 0.43150894742972185 0.46303622301607766
vn -0.3880470820870923 0.25434308041677156 -0.8858493435837729
vn 0.7742076494475489 -0.43150894742972185 -0.46303622301607766
vn 0.3880470820870923 -0.25434308041677156 0.8858493435837729
vn 0.5000219771376001 0.8655111933026641 0.029468570498141604
vn -0.5000219771376001 -0.8655111933026641 -0.029468570498141604
usemtl m_b5286f4a-73a5-2757-8ecc-bf9abc6b9a3e
f 108/316/79 111/315/79 109/314/79 106/313/79
f 107/320/80 108/319/80 106/318/80 105/317/80
f 112/324/81 107/323/81 105/322/81 110/321/81
f 111/328/82 112/327/82 110/326/82 109/325/82
f 110/332/83 105/331/83 106/330/83 109/329/83
f 111/336/84 108/335/84 107/334/84 112/333/84
o cube
v 0.8426626526050072 0.09162047244312088 1.3330170030176332
v 0.6962280236844478 0.21878076503808386 1.0120619291520518
v 0.8311771970390316 0.032889683644001466 1.3149884490690977
v 0.6847425681184724 0.16004997623896444 0.9940333752035162
v 0.639848128078141 0.22157092672376233 1.0388905028970297
v 0.7862827569987001 0.09441063412879924 1.359845576762611
v 0.6283626725121656 0.1628401379246429 1.020861948948494
v 0.774797301432725 0.03567984532967994 1.3418170228140756
vt 0.53125 0.90625
vt 0.5625 0.90625
vt 0.5625 0.875
vt 0.53125 0.875
vt 0.4375 0.90625
vt 0.53125 0.90625
vt 0.53125 0.875
vt 0.4375 0.875
vt 0.53125 0.875
vt 0.5625 0.875
vt 0.5625 0.84375
vt 0.53125 0.84375
vt 0.4375 0.875
vt 0.53125 0.875
vt 0.53125 0.84375
vt 0.4375 0.84375
vt 0.09375 0.46875
vt 0.0625 0.46875
vt 0.0625 0.5625
vt 0.09375 0.5625
vt 0.46875 0.84375
vt 0.4375 0.84375
vt 0.4375 0.75
vt 0.46875 0.75
vn -0.39049234378815906 0.3390941135865689 -0.8558801969748859
vn 0.9020783297009098 -0.044642586970855394 -0.4292571799196446
vn 0.39049234378815906 -0.3390941135865689 0.8558801969748859
vn -0.9020783297009098 0.044642586970855394 0.4292571799196446
vn 0.1837672890556064 0.9396926207859084 0.2884568631765666
vn -0.1837672890556064 -0.9396926207859084 -0.2884568631765666
usemtl m_b5286f4a-73a5-2757-8ecc-bf9abc6b9a3e
f 116/340/85 119/339/85 117/338/85 114/337/85
f 115/344/86 116/343/86 114/342/86 113/341/86
f 120/348/87 115/347/87 113/346/87 118/345/87
f 119/352/88 120/351/88 118/350/88 117/349/88
f 118/356/89 113/355/89 114/354/89 117/353/89
f 119/360/90 116/359/90 115/358/90 120/357/90
o cube
v 0.41441572144835503 0.16675951449393067 0.2689907070725036
v 0.37202895725003393 0.15044374046642428 0.15253402955386886
v 0.42278620650539045 -0.019136397013658712 0.2919884257565909
v 0.38039944230706946 -0.03545217104116516 0.17553174823795614
v 0.25456737965179543 0.15044374046642428 0.19528654746957752
v 0.2969541438501164 0.16675951449393067 0.31174322498821216
v 0.26293786470883096 -0.03545217104116516 0.2182842661536648
v 0.30532462890715195 -0.019136397013658712 0.33474094367229945
vt 0.21875 0.9375
vt 0.28125 0.9375
vt 0.28125 0.875
vt 0.21875 0.875
vt 0.21875 0.78125
vt 0.28125 0.78125
vt 0.28125 0.71875
vt 0.21875 0.71875
vt 0 0.765625
vt 0.0625 0.765625
vt 0.0625 0.703125
vt 0 0.703125
vt 0.0625 0.765625
vt 0.125 0.765625
vt 0.125 0.703125
vt 0.0625 0.703125
vt 0.3125 0.8125
vt 0.25 0.8125
vt 0.25 0.875
vt 0.3125 0.875
vt 0.34375 0.9375
vt 0.28125 0.9375
vt 0.28125 0.875
vt 0.34375 0.875
vn -0.3390941135865683 -0.13052619222005157 -0.9316534201490776
vn 0.9396926207859084 0 -0.3420201433256686
vn 0.3390941135865683 0.13052619222005157 0.9316534201490776
vn -0.9396926207859084 0 0.3420201433256686
vn -0.04464258697085582 0.9914448613738105 -0.12265449964846552
vn 0.04464258697085582 -0.9914448613738105 0.12265449964846552
usemtl m_b5286f4a-73a5-2757-8ecc-bf9abc6b9a3e
f 124/364/91 127/363/91 125/362/91 122/361/91
f 123/368/92 124/367/92 122/366/92 121/365/92
f 128/372/93 123/371/93 121/370/93 126/369/93
f 127/376/94 128/375/94 126/374/94 125/373/94
f 126/380/95 121/379/95 122/378/95 125/377/95
f 127/384/96 124/383/96 123/382/96 128/381/96
o cube
v 0.4856689462286402 0.26119879429343373 0.3733884457145652
v 0.4237253044381367 0.21267022333671104 0.20319968861637105
v 0.5077992779539844 0.019717337721166683 0.4341910324149887
v 0.4458556361634809 -0.02881123323555601 0.26400227531679454
v 0.24753293804077892 0.21267022333671104 0.26732846548993394
v 0.3094765798312824 0.26119879429343373 0.4375172225881281
v 0.2696632697661231 -0.02881123323555601 0.32813105219035743
v 0.3316069115566266 0.019717337721166683 0.4983198092885516
vt 0.125 1
vt 0.1875 1
vt 0.1875 0.921875
vt 0.125 0.921875
vt 0.125 0.921875
vt 0.1875 0.921875
vt 0.1875 0.84375
vt 0.125 0.84375
vt 0 0.84375
vt 0.0625 0.84375
vt 0.0625 0.765625
vt 0 0.765625
vt 0.0625 0.84375
vt 0.125 0.84375
vt 0.125 0.765625
vt 0.0625 0.765625
vt 0.34375 0.75
vt 0.28125 0.75
vt 0.28125 0.8125
vt 0.34375 0.8125
vt 0.28125 0.71875
vt 0.21875 0.71875
vt 0.21875 0.65625
vt 0.28125 0.65625
vn -0.3303660895493521 -0.25881904510252074 -0.9076733711903687
vn 0.9396926207859085 -1.3877787807814457e-17 -0.3420201433256687
vn 0.3303660895493521 0.25881904510252074 0.9076733711903687
vn -0.9396926207859085 1.3877787807814457e-17 0.3420201433256687
vn -0.08852132690137685 0.9659258262890683 -0.24321034680169396
vn 0.08852132690137685 -0.9659258262890683 0.24321034680169396
usemtl m_b5286f4a-73a5-2757-8ecc-bf9abc6b9a3e
f 132/388/97 135/387/97 133/386/97 130/385/97
f 131/392/98 132/391/98 130/390/98 129/389/98
f 136/396/99 131/395/99 129/394/99 134/393/99
f 135/400/100 136/399/100 134/398/100 133/397/100
f 134/404/101 129/403/101 130/402/101 133/401/101
f 135/408/102 132/407/102 131/406/102 136/405/102
o cube
v 0.35618497694597395 0.11093750000000002 0.1958034945640219
v 0.31236364608237266 0.11093750000000002 0.07540537752582743
v 0.35618497694597395 -0.017187500000000022 0.1958034945640219
v 0.31236364608237266 -0.017187500000000022 0.07540537752582743
v 0.2506963178432975 0.11093750000000002 0.0978504494315744
v 0.2945176487068988 0.11093750000000002 0.21824856646976898
v 0.2506963178432975 -0.017187500000000022 0.0978504494315744
v 0.2945176487068988 -0.017187500000000022 0.21824856646976898
vt 0.171875 0.5
vt 0.203125 0.5
vt 0.203125 0.453125
vt 0.171875 0.453125
vt 0.09375 0.53125
vt 0.140625 0.53125
vt 0.140625 0.484375
vt 0.09375 0.484375
vt 0.203125 0.5
vt 0.234375 0.5
vt 0.234375 0.453125
vt 0.203125 0.453125
vt 0.46875 0.8125
vt 0.515625 0.8125
vt 0.515625 0.765625
vt 0.46875 0.765625
vt 0.265625 0.453125
vt 0.234375 0.453125
vt 0.234375 0.5
vt 0.265625 0.5
vt 0.296875 0.5
vt 0.265625 0.5
vt 0.265625 0.453125
vt 0.296875 0.453125
vn -0.34202014332566866 0 -0.9396926207859084
vn 0.9396926207859084 0 -0.34202014332566866
vn 0.34202014332566866 0 0.9396926207859084
vn -0.9396926207859084 0 0.34202014332566866
vn 0 1 0
vn 0 -1 0
usemtl m_b5286f4a-73a5-2757-8ecc-bf9abc6b9a3e
f 140/412/103 143/411/103 141/410/103 138/409/103
f 139/416/104 140/415/104 138/414/104 137/413/104
f 144/420/105 139/419/105 137/418/105 142/417/105
f 143/424/106 144/423/106 142/422/106 141/421/106
f 142/428/107 137/427/107 138/426/107 141/425/107
f 143/432/108 140/431/108 139/430/108 144/429/108
o cube
v 0.3121042391225233 0.11209736171523943 0.07926110713644641
v 0.25094353758745536 0.0557150243081882 -0.08877653928915602
v 0.3185322041628552 0.05249005229347514 0.09692179593780226
v 0.2573715026277874 -0.003892285113576033 -0.07111585048780023
v 0.19221274878833616 0.0557150243081882 -0.06740028033130174
v 0.25337345032340397 0.11209736171523943 0.10063736609430074
v 0.1986407138286681 -0.003892285113576033 -0.04973959152994595
v 0.2598014153637359 0.05249005229347514 0.11829805489565648
vt 0.53125 0.78125
vt 0.5625 0.78125
vt 0.5625 0.75
vt 0.53125 0.75
vt 0.4375 0.53125
vt 0.5 0.53125
vt 0.5 0.5
vt 0.4375 0.5
vt 0.53125 0.75
vt 0.5625 0.75
vt 0.5625 0.71875
vt 0.53125 0.71875
vt 0 0.515625
vt 0.0625 0.515625
vt 0.0625 0.484375
vt 0 0.484375
vt 0.53125 0.9375
vt 0.5 0.9375
vt 0.5 1
vt 0.53125 1
vt 0.171875 0.5
vt 0.140625 0.5
vt 0.140625 0.4375
vt 0.171875 0.4375
vn -0.32619040818702827 -0.3007057995042731 -0.8962007809365465
vn 0.9396926207859084 0 -0.34202014332566866
vn 0.32619040818702827 0.3007057995042731 0.8962007809365465
vn -0.9396926207859084 0 0.34202014332566866
vn -0.10284744064531126 0.953716950748227 -0.2825710208216923
vn 0.10284744064531126 -0.953716950748227 0.2825710208216923
usemtl m_b5286f4a-73a5-2757-8ecc-bf9abc6b9a3e
f 148/436/109 151/435/109 149/434/109 146/433/109
f 147/440/110 148/439/110 146/438/110 145/437/110
f 152/444/111 147/443/111 145/442/111 150/441/111
f 151/448/112 152/447/112 150/446/112 149/445/112
f 150/452/113 145/451/113 146/450/113 149/449/113
f 151/456/114 148/455/114 147/454/114 152/453/114