# Made in Blockbench 4.9.4
mtllib animal_skull_8.mtl

o cube
v 0.8823446546003693 0.04190331547215154 0.3528015741697321
v 0.8607715556145417 0.0069203745504387015 0.490550830953991
v 0.7839136852079585 0.14608332985763095 0.36384382788496816
v 0.7623405862221311 0.11110038893591812 0.5015930846692269
v 0.7582532247433362 -0.0857445106386624 0.45096202712926403
v 0.7798263237291636 -0.05076156971694962 0.31321277034500516
v 0.6598222553509254 0.018435503746816906 0.46200428084450007
v 0.6813953543367528 0.05341844466852974 0.3242550240602412
vt 0.6666666666666666 1
vt 0.6875 1
vt 0.6875 0.96875
vt 0.6666666666666666 0.96875
vt 0.6666666666666666 0.96875
vt 0.6875 0.96875
vt 0.6875 0.9375
vt 0.6666666666666666 0.9375
vt 0.6875 1
vt 0.7083333333333334 1
vt 0.7083333333333334 0.96875
vt 0.6875 0.96875
vt 0.6875 0.96875
vt 0.7083333333333334 0.96875
vt 0.7083333333333334 0.9375
vt 0.6875 0.9375
vt 0.6875 0.90625
vt 0.6666666666666666 0.90625
vt 0.6666666666666666 0.9375
vt 0.6875 0.9375
vt 0.7291666666666666 1
vt 0.7083333333333334 1
vt 0.7083333333333334 0.96875
vt 0.7291666666666666 0.96875
vn -0.15007373207532168 -0.24335958902061083 0.9582556993687563
vn 0.713170997364909 0.6446252882720077 0.27540037443288307
vn 0.15007373207532168 0.24335958902061083 -0.9582556993687563
vn -0.713170997364909 -0.6446252882720077 -0.27540037443288307
vn 0.6847371783819877 -0.7247305348555078 -0.0768156780190329
vn -0.6847371783819877 0.7247305348555078 0.0768156780190329
usemtl m_da6b91ca-a2a6-99fb-e3a5-c3b43064adfd
f 4/4/1 7/3/1 5/2/1 2/1/1
f 3/8/2 4/7/2 2/6/2 1/5/2
f 8/12/3 3/11/3 1/10/3 6/9/3
f 7/16/4 8/15/4 6/14/4 5/13/4
f 6/20/5 1/19/5 2/18/5 5/17/5
f 7/24/6 4/23/6 3/22/6 8/21/6
o cube
v 0.9261776550975327 -0.00972807876018289 0.34879823069779603
v 0.8312964132637106 0.06953159966543665 0.4089788199599421
v 0.9092118705118883 0.059321301633601164 0.2311096789154412
v 0.814330628678066 0.1385809800592207 0.2912902681775872
v 0.7332354011260358 -0.01910437747196425 0.37111126847542064
v 0.8281166429598581 -0.09836405589758379 0.31093067921327466
v 0.7162696165403912 0.0499450029218198 0.2534227166930658
v 0.8111508583742135 -0.029314675503799736 0.19324212743091984
vt 0.6875 0.9375
vt 0.7083333333333334 0.9375
vt 0.7083333333333334 0.90625
vt 0.6875 0.90625
vt 0.7083333333333334 0.96875
vt 0.7291666666666666 0.96875
vt 0.7291666666666666 0.9375
vt 0.7083333333333334 0.9375
vt 0.7083333333333334 0.9375
vt 0.7291666666666666 0.9375
vt 0.7291666666666666 0.90625
vt 0.7083333333333334 0.90625
vt 0.6666666666666666 0.90625
vt 0.6875 0.90625
vt 0.6875 0.875
vt 0.6666666666666666 0.875
vt 0.75 0.96875
vt 0.7291666666666666 0.96875
vt 0.7291666666666666 1
vt 0.75 1
vt 0.7083333333333334 0.90625
vt 0.6875 0.90625
vt 0.6875 0.875
vt 0.7083333333333334 0.875
vn -0.6900453951550714 0.5764340249135963 0.4376770128156067
vn 0.713170997364909 0.6446252882720077 0.27540037443288296
vn 0.6900453951550714 -0.5764340249135963 -0.4376770128156067
vn -0.713170997364909 -0.6446252882720077 -0.27540037443288296
vn 0.1233875242592335 -0.5021773119547939 0.8559167402353075
vn -0.1233875242592335 0.5021773119547939 -0.8559167402353075
usemtl m_da6b91ca-a2a6-99fb-e3a5-c3b43064adfd
f 12/28/7 15/27/7 13/26/7 10/25/7
f 11/32/8 12/31/8 10/30/8 9/29/8
f 16/36/9 11/35/9 9/34/9 14/33/9
f 15/40/10 16/39/10 14/38/10 13/37/10
f 14/44/11 9/43/11 10/42/11 13/41/11
f 15/48/12 12/47/12 11/46/12 16/45/12
o cube
v 0.9455814621018788 0.013435002645246441 0.19894462026900606
v 0.8679513551469331 0.07828383044802611 0.24818328421076186
v 0.931700365622715 0.0699299502401608 0.10265398699253381
v 0.8540702586677693 0.13477877804294036 0.15189265093428972
v 0.787719617943381 0.005763485517425226 0.21720074208706242
v 0.8653497248983264 -0.05908534228535445 0.16796207814530661
v 0.7738385214642172 0.06225843311233947 0.12091010881059028
v 0.8514686284191626 -0.0025903946904401454 0.07167144486883448
vt 0.7291666666666666 0.96875
vt 0.75 0.96875
vt 0.75 0.9375
vt 0.7291666666666666 0.9375
vt 0.7083333333333334 0.90625
vt 0.7291666666666666 0.90625
vt 0.7291666666666666 0.875
vt 0.7083333333333334 0.875
vt 0.7291666666666666 0.9375
vt 0.75 0.9375
vt 0.75 0.90625
vt 0.7291666666666666 0.90625
vt 0.7291666666666666 0.90625
vt 0.75 0.90625
vt 0.75 0.875
vt 0.7291666666666666 0.875
vt 0.6875 0.84375
vt 0.6666666666666666 0.84375
vt 0.6666666666666666 0.875
vt 0.6875 0.875
vt 0.7708333333333334 1
vt 0.75 1
vt 0.75 0.96875
vt 0.7708333333333334 0.96875
vn -0.6900453951550714 0.5764340249135963 0.4376770128156067
vn 0.713170997364909 0.6446252882720077 0.27540037443288296
vn 0.6900453951550714 -0.5764340249135963 -0.4376770128156067
vn -0.713170997364909 -0.6446252882720077 -0.27540037443288296
vn 0.1233875242592335 -0.5021773119547939 0.8559167402353075
vn -0.1233875242592335 0.5021773119547939 -0.8559167402353075
usemtl m_da6b91ca-a2a6-99fb-e3a5-c3b43064adfd
f 20/52/13 23/51/13 21/50/13 18/49/13
f 19/56/14 20/55/14 18/54/14 17/53/14
f 24/60/15 19/59/15 17/58/15 22/57/15
f 23/64/16 24/63/16 22/62/16 21/61/16
f 22/68/17 17/67/17 18/66/17 21/65/17
f 23/72/18 20/71/18 19/70/18 24/69/18
o cube
v 0.6635376952841996 0.09939047329690898 0.7281245995433365
v 0.6184603376828419 0.10529755864111068 0.8310293524676582
v 0.5988295027813992 0.1851934797353958 0.694853832958577
v 0.5537521451800416 0.19110056507959738 0.7977585858828986
v 0.5382286004792898 0.03277721371050979 0.8000468103439586
v 0.5833059580806474 0.026870128366308088 0.697142057419637
v 0.4735204079764893 0.1185802201489965 0.766776043759199
v 0.5185977655778471 0.1126731348047949 0.6638712908348774
vt 0.6875 0.875
vt 0.7083333333333334 0.875
vt 0.7083333333333334 0.84375
vt 0.6875 0.84375
vt 0.75 0.96875
vt 0.7708333333333334 0.96875
vt 0.7708333333333334 0.9375
vt 0.75 0.9375
vt 0.7083333333333334 0.875
vt 0.7291666666666666 0.875
vt 0.7291666666666666 0.84375
vt 0.7083333333333334 0.84375
vt 0.75 0.9375
vt 0.7708333333333334 0.9375
vt 0.7708333333333334 0.90625
vt 0.75 0.90625
vt 0.75 0.84375
vt 0.7291666666666666 0.84375
vt 0.7291666666666666 0.875
vt 0.75 0.875
vt 0.7708333333333334 0.90625
vt 0.75 0.90625
vt 0.75 0.875
vt 0.7708333333333334 0.875
vn -0.40068762312317824 0.0525074252817924 0.9147089148828577
vn 0.713170997364909 0.6446252882720076 0.275400374432883
vn 0.40068762312317824 -0.0525074252817924 -0.9147089148828577
vn -0.713170997364909 -0.6446252882720076 -0.275400374432883
vn 0.5751839333582254 -0.7626933905643264 0.29574014742008364
vn -0.5751839333582254 0.7626933905643264 -0.29574014742008364
usemtl m_da6b91ca-a2a6-99fb-e3a5-c3b43064adfd
f 28/76/19 31/75/19 29/74/19 26/73/19
f 27/80/20 28/79/20 26/78/20 25/77/20
f 32/84/21 27/83/21 25/82/21 30/81/21
f 31/88/22 32/87/22 30/86/22 29/85/22
f 30/92/23 25/91/23 26/90/23 29/89/23
f 31/96/24 28/95/24 27/94/24 32/93/24
o cube
v 0.7706856759325647 0.04302651413173797 0.6279751394838606
v 0.7155911277531277 0.050246285107984456 0.7537476152802536
v 0.6915978850958087 0.14789685533433294 0.5873108692135993
v 0.6365033369163717 0.15511662631057943 0.7130833450099918
v 0.6175301156154529 -0.038389692029416445 0.7158800637957321
v 0.6726246637948898 -0.04560946300566293 0.5901075879993394
v 0.5384423247786969 0.06648064917317842 0.6752157935254708
v 0.5935368729581338 0.05926087819693193 0.5494433177290778
vt 0.75 0.875
vt 0.7708333333333334 0.875
vt 0.7708333333333334 0.84375
vt 0.75 0.84375
vt 0.6666666666666666 0.84375
vt 0.6875 0.84375
vt 0.6875 0.8125
vt 0.6666666666666666 0.8125
vt 0.7708333333333334 1
vt 0.7916666666666666 1
vt 0.7916666666666666 0.96875
vt 0.7708333333333334 0.96875
vt 0.6875 0.84375
vt 0.7083333333333334 0.84375
vt 0.7083333333333334 0.8125
vt 0.6875 0.8125
vt 0.7916666666666666 0.9375
vt 0.7708333333333334 0.9375
vt 0.7708333333333334 0.96875
vt 0.7916666666666666 0.96875
vt 0.7291666666666666 0.84375
vt 0.7083333333333334 0.84375
vt 0.7083333333333334 0.8125
vt 0.7291666666666666 0.8125
vn -0.40068762312317824 0.0525074252817924 0.9147089148828577
vn 0.713170997364909 0.6446252882720076 0.275400374432883
vn 0.40068762312317824 -0.0525074252817924 -0.9147089148828577
vn -0.713170997364909 -0.6446252882720076 -0.275400374432883
vn 0.5751839333582254 -0.7626933905643264 0.29574014742008364
vn -0.5751839333582254 0.7626933905643264 -0.29574014742008364
usemtl m_da6b91ca-a2a6-99fb-e3a5-c3b43064adfd
f 36/100/25 39/99/25 37/98/25 34/97/25
f 35/104/26 36/103/26 34/102/26 33/101/26
f 40/108/27 35/107/27 33/106/27 38/105/27
f 39/112/28 40/111/28 38/110/28 37/109/28
f 38/116/29 33/115/29 34/114/29 37/113/29
f 39/120/30 36/119/30 35/118/30 40/117/30
o cube
v 0.8256268079040241 0.05728919509316044 0.47501054458278225
v 0.8031157480927258 0.020785256740068814 0.6187488994880956
v 0.7229162311467259 0.16599877532148655 0.48653289628563723
v 0.7004051713354276 0.12949483696839492 0.6302712511909507
v 0.6961400984879895 -0.07590853650073237 0.5774388433231632
v 0.7186511582992878 -0.039404598147640746 0.4337004884178498
v 0.5934295217306915 0.03280104372759385 0.5889611950260183
v 0.6159405815419896 0.06930498208068547 0.4452228401207048
vt 0.7708333333333334 0.9375
vt 0.7916666666666666 0.9375
vt 0.7916666666666666 0.90625
vt 0.7708333333333334 0.90625
vt 0.7291666666666666 0.84375
vt 0.75 0.84375
vt 0.75 0.8125
vt 0.7291666666666666 0.8125
vt 0.7708333333333334 0.90625
vt 0.7916666666666666 0.90625
vt 0.7916666666666666 0.875
vt 0.7708333333333334 0.875
vt 0.75 0.84375
vt 0.7708333333333334 0.84375
vt 0.7708333333333334 0.8125
vt 0.75 0.8125
vt 0.7916666666666666 0.84375
vt 0.7708333333333334 0.84375
vt 0.7708333333333334 0.875
vt 0.7916666666666666 0.875
vt 0.7916666666666666 0.84375
vt 0.7708333333333334 0.84375
vt 0.7708333333333334 0.8125
vt 0.7916666666666666 0.8125
vn -0.15007373207532168 -0.24335958902061083 0.9582556993687563
vn 0.713170997364909 0.6446252882720077 0.27540037443288307
vn 0.15007373207532168 0.24335958902061083 -0.9582556993687563
vn -0.713170997364909 -0.6446252882720077 -0.27540037443288307
vn 0.6847371783819877 -0.7247305348555078 -0.0768156780190329
vn -0.6847371783819877 0.7247305348555078 0.0768156780190329
usemtl m_da6b91ca-a2a6-99fb-e3a5-c3b43064adfd
f 44/124/31 47/123/31 45/122/31 42/121/31
f 43/128/32 44/127/32 42/126/32 41/125/32
f 48/132/33 43/131/33 41/130/33 46/129/33
f 47/136/34 48/135/34 46/134/34 45/133/34
f 46/140/35 41/139/35 42/138/35 45/137/35
f 47/144/36 44/143/36 43/142/36 48/141/36
o cube
v 0.8213014231341049 0.2481753465534865 0.739047133764658
v 0.7770288889496391 0.27370389605843937 0.7939400830118835
v 0.7746360890883373 0.2771064415550585 0.6879556634353852
v 0.7303635549038714 0.30263499106001135 0.7428486126826108
v 0.6741878486236086 0.10220001410051993 0.7907559193817115
v 0.7184603828080744 0.07667146459556706 0.7358629701344861
v 0.6275225145778409 0.13113110910209191 0.7396644490524387
v 0.6717950487623068 0.10560255959713905 0.6847714998052132
vt 0.8125 0.84375
vt 0.84375 0.84375
vt 0.84375 0.828125
vt 0.8125 0.828125
vt 0.8229166666666666 0.671875
vt 0.8333333333333334 0.671875
vt 0.8333333333333334 0.65625
vt 0.8229166666666666 0.65625
vt 0.8125 0.828125
vt 0.84375 0.828125
vt 0.84375 0.8125
vt 0.8125 0.8125
vt 0.8958333333333334 0.984375
vt 0.90625 0.984375
vt 0.90625 0.96875
vt 0.8958333333333334 0.96875
vt 0.84375 0.796875
vt 0.8125 0.796875
vt 0.8125 0.8125
vt 0.84375 0.8125
vt 0.8333333333333334 0.78125
vt 0.8020833333333334 0.78125
vt 0.8020833333333334 0.765625
vt 0.8333333333333334 0.765625
vn -0.5903004557928794 0.3403806600660381 0.7319059899630056
vn 0.5142052016301537 0.8575194097895978 0.015920818150860064
vn 0.5903004557928794 -0.3403806600660381 -0.7319059899630056
vn -0.5142052016301537 -0.8575194097895978 -0.015920818150860064
vn 0.6222044539435672 -0.3857479333542926 0.681219604390302
vn -0.6222044539435672 0.3857479333542926 -0.681219604390302
usemtl m_da6b91ca-a2a6-99fb-e3a5-c3b43064adfd
f 52/148/37 55/147/37 53/146/37 50/145/37
f 51/152/38 52/151/38 50/150/38 49/149/38
f 56/156/39 51/155/39 49/154/39 54/153/39
f 55/160/40 56/159/40 54/158/40 53/157/40
f 54/164/41 49/163/41 50/162/41 53/161/41
f 55/168/42 52/167/42 51/166/42 56/165/42
o cube
v 0.8231811094337429 0.26108801804888015 0.7430973206373681
v 0.786287330946688 0.28236180930300747 0.788841445010056
v 0.8040893585152702 0.48086871034008705 0.6254879998210958
v 0.7671955800282151 0.5021425015942145 0.6712321241937835
v 0.7360646450928101 0.2615122586681453 0.758031899996424
v 0.772958423579865 0.240238467414018 0.7122877756237362
v 0.7169728941743372 0.4812929509593523 0.6404225791801517
v 0.7538666726613923 0.460019159705225 0.5946784548074637
vt 0.6666666666666666 0.8125
vt 0.6770833333333334 0.8125
vt 0.6770833333333334 0.75
vt 0.6666666666666666 0.75
vt 0.7916666666666666 1
vt 0.8020833333333334 1
vt 0.8020833333333334 0.9375
vt 0.7916666666666666 0.9375
vt 0.6770833333333334 0.8125
vt 0.6875 0.8125
vt 0.6875 0.75
vt 0.6770833333333334 0.75
vt 0.6875 0.8125
vt 0.6979166666666666 0.8125
vt 0.6979166666666666 0.75
vt 0.6875 0.75
vt 0.90625 0.953125
vt 0.8958333333333334 0.953125
vt 0.8958333333333334 0.96875
vt 0.90625 0.96875
vt 0.7083333333333334 0.65625
vt 0.6979166666666666 0.65625
vt 0.6979166666666666 0.640625
vt 0.7083333333333334 0.640625
vn -0.5903004557928792 0.34038066006603807 0.7319059899630057
vn 0.8035629736620469 0.33359281015779396 0.49295272021811065
vn 0.5903004557928792 -0.34038066006603807 -0.7319059899630057
vn -0.8035629736620469 -0.33359281015779396 -0.49295272021811065
vn 0.07636700367389156 -0.8791227691648275 0.4704372832650888
vn -0.07636700367389156 0.8791227691648275 -0.4704372832650888
usemtl m_da6b91ca-a2a6-99fb-e3a5-c3b43064adfd
f 60/172/43 63/171/43 61/170/43 58/169/43
f 59/176/44 60/175/44 58/174/44 57/173/44
f 64/180/45 59/179/45 57/178/45 62/177/45
f 63/184/46 64/183/46 62/182/46 61/181/46
f 62/188/47 57/187/47 58/186/47 61/185/47
f 63/192/48 60/191/48 59/190/48 64/189/48
o cube
v 0.796037851420413 0.4823422773692755 0.626848308368495
v 0.7665228286307688 0.49936131037257747 0.6634436078666455
v 0.7027071833288778 0.5402044673724196 0.5246653677099498
v 0.6731921605392337 0.5572235003757213 0.5612606672081002
v 0.7408125685492613 0.4564853398830977 0.6626475669591025
v 0.7703275913389054 0.4394663068797957 0.6260522674609521
v 0.6474819004577261 0.5143475298862417 0.5604646263005573
v 0.6769969232473703 0.4973284968829397 0.5238693268024068
vt 0.71875 0.78125
vt 0.7291666666666666 0.78125
vt 0.7291666666666666 0.734375
vt 0.71875 0.734375
vt 0.7291666666666666 0.78125
vt 0.7395833333333334 0.78125
vt 0.7395833333333334 0.734375
vt 0.7291666666666666 0.734375
vt 0.8229166666666666 1
vt 0.8333333333333334 1
vt 0.8333333333333334 0.953125
vt 0.8229166666666666 0.953125
vt 0.7916666666666666 0.765625
vt 0.8020833333333334 0.765625
vt 0.8020833333333334 0.71875
vt 0.7916666666666666 0.71875
vt 0.90625 0.9375
vt 0.8958333333333334 0.9375
vt 0.8958333333333334 0.953125
vt 0.90625 0.953125
vt 0.71875 0.65625
vt 0.7083333333333334 0.65625
vt 0.7083333333333334 0.640625
vt 0.71875 0.640625
vn -0.5903004557928794 0.3403806600660381 0.7319059899630056
vn 0.5142052016301537 0.8575194097895978 0.015920818150860064
vn 0.5903004557928794 -0.3403806600660381 -0.7319059899630056
vn -0.5142052016301537 -0.8575194097895978 -0.015920818150860064
vn 0.6222044539435672 -0.3857479333542926 0.681219604390302
vn -0.6222044539435672 0.3857479333542926 -0.681219604390302
usemtl m_da6b91ca-a2a6-99fb-e3a5-c3b43064adfd
f 68/196/49 71/195/49 69/194/49 66/193/49
f 67/200/50 68/199/50 66/198/50 65/197/50
f 72/204/51 67/203/51 65/202/51 70/201/51
f 71/208/52 72/207/52 70/206/52 69/205/52
f 70/212/53 65/211/53 66/210/53 69/209/53
f 71/216/54 68/215/54 67/214/54 72/213/54
o cube
v 0.6925293740554217 0.48969072244365164 0.5484880124584217
v 0.6703931069631888 0.5024549971961281 0.5759344870820344
v 0.701415236251508 0.524935621491134 0.5392636672694695
v 0.6792789691592751 0.5376998962436104 0.5667101418930822
v 0.5160691526560619 0.5081002270514461 0.44884299048650056
v 0.5382054197482948 0.49533595229896954 0.42139651586288784
v 0.5249550148521482 0.5433451260989284 0.43961864529754846
v 0.5470912819443812 0.530580851346452 0.41217217067393574
vt 0.6979166666666666 0.8125
vt 0.7395833333333334 0.8125
vt 0.7395833333333334 0.796875
vt 0.6979166666666666 0.796875
vt 0.7395833333333334 0.65625
vt 0.75 0.65625
vt 0.75 0.640625
vt 0.7395833333333334 0.640625
vt 0.7916666666666666 0.9375
vt 0.8333333333333334 0.9375
vt 0.8333333333333334 0.921875
vt 0.7916666666666666 0.921875
vt 0.75 0.65625
vt 0.7604166666666666 0.65625
vt 0.7604166666666666 0.640625
vt 0.75 0.640625
vt 0.8333333333333334 0.90625
vt 0.7916666666666666 0.90625
vt 0.7916666666666666 0.921875
vt 0.8333333333333334 0.921875
vt 0.8333333333333334 0.90625
vt 0.7916666666666666 0.90625
vt 0.7916666666666666 0.890625
vt 0.8333333333333334 0.890625
vn -0.5903004557928793 0.3403806600660381 0.7319059899630056
vn 0.7716197715356335 -0.028226149276589566 0.6354574829776674
vn 0.5903004557928793 -0.3403806600660381 -0.7319059899630056
vn -0.7716197715356335 0.028226149276589566 -0.6354574829776674
vn -0.23695632522896778 -0.9398639745995291 0.24598253837205558
vn 0.23695632522896778 0.9398639745995291 -0.24598253837205558
usemtl m_da6b91ca-a2a6-99fb-e3a5-c3b43064adfd
f 76/220/55 79/219/55 77/218/55 74/217/55
f 75/224/56 76/223/56 74/222/56 73/221/56
f 80/228/57 75/227/57 73/226/57 78/225/57
f 79/232/58 80/231/58 78/230/58 77/229/58
f 78/236/59 73/235/59 74/234/59 77/233/59
f 79/240/60 76/239/60 75/238/60 80/237/60
o cube
v 0.9083537493117686 0.22713791600313726 0.5628602471274942
v 0.8640812151273027 0.25266646550809013 0.6177531963747194
v 0.8616884152660012 0.25606901100470936 0.5117687767982213
v 0.8174158810815353 0.2815975605096622 0.5666617260454467
v 0.7612401748012723 0.08116258355017081 0.6145690327445474
v 0.8055127089857383 0.05563403404521794 0.559676083497322
v 0.7145748407555046 0.11009367855174279 0.5634775624152746
v 0.7588473749399707 0.08456512904678992 0.5085846131680494
vt 0.8125 0.796875
vt 0.84375 0.796875
vt 0.84375 0.78125
vt 0.8125 0.78125
vt 0.7604166666666666 0.65625
vt 0.7708333333333334 0.65625
vt 0.7708333333333334 0.640625
vt 0.7604166666666666 0.640625
vt 0.8229166666666666 0.953125
vt 0.8541666666666666 0.953125
vt 0.8541666666666666 0.9375
vt 0.8229166666666666 0.9375
vt 0.7708333333333334 0.65625
vt 0.78125 0.65625
vt 0.78125 0.640625
vt 0.7708333333333334 0.640625
vt 0.8333333333333334 0.75
vt 0.8020833333333334 0.75
vt 0.8020833333333334 0.765625
vt 0.8333333333333334 0.765625
vt 0.6979166666666666 0.75
vt 0.6666666666666666 0.75
vt 0.6666666666666666 0.734375
vt 0.6979166666666666 0.734375
vn -0.5903004557928794 0.3403806600660381 0.7319059899630056
vn 0.5142052016301537 0.8575194097895978 0.015920818150860064
vn 0.5903004557928794 -0.3403806600660381 -0.7319059899630056
vn -0.5142052016301537 -0.8575194097895978 -0.015920818150860064
vn 0.6222044539435672 -0.3857479333542926 0.681219604390302
vn -0.6222044539435672 0.3857479333542926 -0.681219604390302
usemtl m_da6b91ca-a2a6-99fb-e3a5-c3b43064adfd
f 84/244/61 87/243/61 85/242/61 82/241/61
f 83/248/62 84/247/62 82/246/62 81/245/62
f 88/252/63 83/251/63 81/250/63 86/249/63
f 87/256/64 88/255/64 86/254/64 85/253/64
f 86/260/65 81/259/65 82/258/65 85/257/65
f 87/264/66 84/263/66 83/262/66 88/261/66
o cube
v 0.910233435611407 0.24005058749853092 0.566910434000204
v 0.8733396571243521 0.26132437875265835 0.612654558372892
v 0.8911416846929341 0.4598312797897379 0.44930111318393173
v 0.8542479062058792 0.48110507104386535 0.49504523755661956
v 0.8231169712704742 0.2404748281177962 0.5818450133592599
v 0.8600107497575291 0.21920103686366876 0.5361008889865722
v 0.8040252203520013 0.4602555204090033 0.4642356925429876
v 0.8409189988390562 0.4389817291548759 0.41849156817029975
vt 0.7395833333333334 0.8125
vt 0.75 0.8125
vt 0.75 0.75
vt 0.7395833333333334 0.75
vt 0.7916666666666666 0.890625
vt 0.8020833333333334 0.890625
vt 0.8020833333333334 0.828125
vt 0.7916666666666666 0.828125
vt 0.75 0.8125
vt 0.7604166666666666 0.8125
vt 0.7604166666666666 0.75
vt 0.75 0.75
vt 0.7604166666666666 0.8125
vt 0.7708333333333334 0.8125
vt 0.7708333333333334 0.75
vt 0.7604166666666666 0.75
vt 0.90625 0.78125
vt 0.8958333333333334 0.78125
vt 0.8958333333333334 0.796875
vt 0.90625 0.796875
vt 0.90625 0.78125
vt 0.8958333333333334 0.78125
vt 0.8958333333333334 0.765625
vt 0.90625 0.765625
vn -0.5903004557928792 0.34038066006603807 0.7319059899630057
vn 0.8035629736620469 0.33359281015779396 0.49295272021811065
vn 0.5903004557928792 -0.34038066006603807 -0.7319059899630057
vn -0.8035629736620469 -0.33359281015779396 -0.49295272021811065
vn 0.07636700367389156 -0.8791227691648275 0.4704372832650888
vn -0.07636700367389156 0.8791227691648275 -0.4704372832650888
usemtl m_da6b91ca-a2a6-99fb-e3a5-c3b43064adfd
f 92/268/67 95/267/67 93/266/67 90/265/67
f 91/272/68 92/271/68 90/270/68 89/269/68
f 96/276/69 91/275/69 89/274/69 94/273/69
f 95/280/70 96/279/70 94/278/70 93/277/70
f 94/284/71 89/283/71 90/282/71 93/281/71
f 95/288/72 92/287/72 91/286/72 96/285/72
o cube
v 0.8792013997609296 0.46371577140239073 0.44640379920389184
v 0.8496863769712855 0.4807348044056927 0.48299909870204216
v 0.7858707316693945 0.5215779614055347 0.34422085854534645
v 0.7563557088797506 0.5385969944088367 0.3808161580434968
v 0.8239761168897779 0.43785883391621283 0.4822030577944991
v 0.853491139679422 0.42083980091291096 0.4456077582963488
v 0.730645448798243 0.4957210239193568 0.38002011713595385
v 0.7601604715878869 0.4787019909160548 0.3434248176378034
vt 0.8333333333333334 1
vt 0.84375 1
vt 0.84375 0.953125
vt 0.8333333333333334 0.953125
vt 0.8333333333333334 0.9375
vt 0.84375 0.9375
vt 0.84375 0.890625
vt 0.8333333333333334 0.890625
vt 0.7395833333333334 0.75
vt 0.75 0.75
vt 0.75 0.703125
vt 0.7395833333333334 0.703125
vt 0.75 0.75
vt 0.7604166666666666 0.75
vt 0.7604166666666666 0.703125
vt 0.75 0.703125
vt 0.8333333333333334 0.640625
vt 0.8229166666666666 0.640625
vt 0.8229166666666666 0.65625
vt 0.8333333333333334 0.65625
vt 0.90625 0.765625
vt 0.8958333333333334 0.765625
vt 0.8958333333333334 0.75
vt 0.90625 0.75
vn -0.5903004557928794 0.3403806600660381 0.7319059899630056
vn 0.5142052016301537 0.8575194097895978 0.015920818150860064
vn 0.5903004557928794 -0.3403806600660381 -0.7319059899630056
vn -0.5142052016301537 -0.8575194097895978 -0.015920818150860064
vn 0.6222044539435672 -0.3857479333542926 0.681219604390302
vn -0.6222044539435672 0.3857479333542926 -0.681219604390302
usemtl m_da6b91ca-a2a6-99fb-e3a5-c3b43064adfd
f 100/292/73 103/291/73 101/290/73 98/289/73
f 99/296/74 100/295/74 98/294/74 97/293/74
f 104/300/75 99/299/75 97/298/75 102/297/75
f 103/304/76 104/303/76 102/302/76 101/301/76
f 102/308/77 97/307/77 98/306/77 101/305/77
f 103/312/78 100/311/78 99/310/78 104/309/78
o cube
v 0.7693305678476339 0.4791664638093207 0.35914406924876774
v 0.7471943007554007 0.49193073856179703 0.38659054387238045
v 0.7664668052098627 0.5121335676530017 0.34150267112632693
v 0.7443305381176297 0.524897842405478 0.36894914574993964
v 0.6367043918768691 0.4460617271651004 0.3188095448423901
v 0.658840658969102 0.43329745241262396 0.2913630702187774
v 0.6338406292390983 0.47902883100878135 0.3011681467199493
v 0.6559768963313313 0.4662645562563049 0.2737216720963366
vt 0.7604166666666666 0.75
vt 0.7916666666666666 0.75
vt 0.7916666666666666 0.734375
vt 0.7604166666666666 0.734375
vt 0.8333333333333334 0.65625
vt 0.84375 0.65625
vt 0.84375 0.640625
vt 0.8333333333333334 0.640625
vt 0.8020833333333334 0.75
vt 0.8333333333333334 0.75
vt 0.8333333333333334 0.734375
vt 0.8020833333333334 0.734375
vt 0.8958333333333334 0.75
vt 0.90625 0.75
vt 0.90625 0.734375
vt 0.8958333333333334 0.734375
vt 0.8645833333333334 0.765625
vt 0.8333333333333334 0.765625
vt 0.8333333333333334 0.78125
vt 0.8645833333333334 0.78125
vt 0.8645833333333334 0.765625
vt 0.8333333333333334 0.765625
vt 0.8333333333333334 0.75
vt 0.8645833333333334 0.75
vn -0.5903004557928792 0.34038066006603807 0.7319059899630057
vn 0.8035629736620469 0.33359281015779396 0.49295272021811065
vn 0.5903004557928792 -0.34038066006603807 -0.7319059899630057
vn -0.8035629736620469 -0.33359281015779396 -0.49295272021811065
vn 0.07636700367389156 -0.8791227691648275 0.4704372832650888
vn -0.07636700367389156 0.8791227691648275 -0.4704372832650888
usemtl m_da6b91ca-a2a6-99fb-e3a5-c3b43064adfd
f 108/316/79 111/315/79 109/314/79 106/313/79
f 107/320/80 108/319/80 106/318/80 105/317/80
f 112/324/81 107/323/81 105/322/81 110/321/81
f 111/328/82 112/327/82 110/326/82 109/325/82
f 110/332/83 105/331/83 106/330/83 109/329/83
f 111/336/84 108/335/84 107/334/84 112/333/84
o cube
v 0.9352366620645471 0.16125921024665346 0.35899913785190485
v 0.8909641278800811 0.18678775975160633 0.4138920870991303
v 0.8885713280187795 0.19019030524822544 0.3079076675226322
v 0.8442987938343136 0.2157188547531783 0.36280061676985764
v 0.8202609126559353 0.06887884090553675 0.4117029746033871
v 0.8645334468404011 0.043350291400583885 0.3568100253561617
v 0.7735955786101676 0.09780993590710874 0.36061150427411437
v 0.8178681127946335 0.07228138640215587 0.30571855502688894
vt 0.875 0.796875
vt 0.8958333333333334 0.796875
vt 0.8958333333333334 0.78125
vt 0.875 0.78125
vt 0.84375 0.65625
vt 0.8541666666666666 0.65625
vt 0.8541666666666666 0.640625
vt 0.84375 0.640625
vt 0.875 0.75
vt 0.8958333333333334 0.75
vt 0.8958333333333334 0.734375
vt 0.875 0.734375
vt 0.8958333333333334 0.734375
vt 0.90625 0.734375
vt 0.90625 0.71875
vt 0.8958333333333334 0.71875
vt 0.8958333333333334 0.71875
vt 0.875 0.71875
vt 0.875 0.734375
vt 0.8958333333333334 0.734375
vt 0.8958333333333334 0.71875
vt 0.875 0.71875
vt 0.875 0.703125
vt 0.8958333333333334 0.703125
vn -0.5903004557928794 0.3403806600660381 0.7319059899630056
vn 0.5142052016301537 0.8575194097895978 0.015920818150860064
vn 0.5903004557928794 -0.3403806600660381 -0.7319059899630056
vn -0.5142052016301537 -0.8575194097895978 -0.015920818150860064
vn 0.6222044539435672 -0.3857479333542926 0.681219604390302
vn -0.6222044539435672 0.3857479333542926 -0.681219604390302
usemtl m_da6b91ca-a2a6-99fb-e3a5-c3b43064adfd
f 116/340/85 119/339/85 117/338/85 114/337/85
f 115/344/86 116/343/86 114/342/86 113/341/86
f 120/348/87 115/347/87 113/346/87 118/345/87
f 119/352/88 120/351/88 118/350/88 117/349/88
f 118/356/89 113/355/89 114/354/89 117/353/89
f 119/360/90 116/359/90 115/358/90 120/357/90
o cube
v 0.9268907531304607 0.17442764963258406 0.3546831792706947
v 0.8899969746434058 0.1957014408867115 0.4004273036433825
v 0.9125719399416059 0.3392631688509893 0.26647618865849054
v 0.875678161454551 0.3605369601051167 0.31222031303117836
v 0.8397742887895279 0.17485189025184944 0.36961775862975066
v 0.8766680672765828 0.153578098997722 0.3238736342570627
v 0.8254554756006731 0.33968740947025455 0.2814107680175464
v 0.862349254087728 0.3184136182161271 0.23566664364485856
vt 0.8333333333333334 0.75
vt 0.84375 0.75
vt 0.84375 0.703125
vt 0.8333333333333334 0.703125
vt 0.6666666666666666 0.734375
vt 0.6770833333333334 0.734375
vt 0.6770833333333334 0.6875
vt 0.6666666666666666 0.6875
vt 0.84375 1
vt 0.8541666666666666 1
vt 0.8541666666666666 0.953125
vt 0.84375 0.953125
vt 0.6770833333333334 0.734375
vt 0.6875 0.734375
vt 0.6875 0.6875
vt 0.6770833333333334 0.6875
vt 0.8645833333333334 0.640625
vt 0.8541666666666666 0.640625
vt 0.8541666666666666 0.65625
vt 0.8645833333333334 0.65625
vt 0.90625 0.71875
vt 0.8958333333333334 0.71875
vt 0.8958333333333334 0.703125
vt 0.90625 0.703125
vn -0.5903004557928792 0.34038066006603807 0.7319059899630057
vn 0.8035629736620469 0.33359281015779396 0.49295272021811065
vn 0.5903004557928792 -0.34038066006603807 -0.7319059899630057
vn -0.8035629736620469 -0.33359281015779396 -0.49295272021811065
vn 0.07636700367389156 -0.8791227691648275 0.4704372832650888
vn -0.07636700367389156 0.8791227691648275 -0.4704372832650888
usemtl m_da6b91ca-a2a6-99fb-e3a5-c3b43064adfd
f 124/364/91 127/363/91 125/362/91 122/361/91
f 123/368/92 124/367/92 122/366/92 121/365/92
f 128/372/93 123/371/93 121/370/93 126/369/93
f 127/376/94 128/375/94 126/374/94 125/373/94
f 126/380/95 121/379/95 122/378/95 125/377/95
f 127/384/96 124/383/96 123/382/96 128/381/96
o cube
v 0.9004929369448955 0.3351360513444561 0.2671928790719531
v 0.8709779141552516 0.3521550843477581 0.30378817857010354
v 0.8304949358762443 0.3785326938468141 0.19055567357804415
v 0.8009799130866004 0.3955517268501161 0.22715097307619447
v 0.8452676540737438 0.3092791138582782 0.3029921376625605
v 0.874782676863388 0.29226008085497623 0.2663968381644102
v 0.7752696530050927 0.3526757563606361 0.22635493216865155
v 0.8047846757947368 0.3356567233573342 0.1897596326705011
vt 0.875 0.703125
vt 0.8854166666666666 0.703125
vt 0.8854166666666666 0.671875
vt 0.875 0.671875
vt 0.6666666666666666 0.671875
vt 0.6770833333333334 0.671875
vt 0.6770833333333334 0.640625
vt 0.6666666666666666 0.640625
vt 0.6770833333333334 0.671875
vt 0.6875 0.671875
vt 0.6875 0.640625
vt 0.6770833333333334 0.640625
vt 0.6875 0.671875
vt 0.6979166666666666 0.671875
vt 0.6979166666666666 0.640625
vt 0.6875 0.640625
vt 0.875 0.640625
vt 0.8645833333333334 0.640625
vt 0.8645833333333334 0.65625
vt 0.875 0.65625
vt 0.8854166666666666 0.65625
vt 0.875 0.65625
vt 0.875 0.640625
vt 0.8854166666666666 0.640625
vn -0.5903004557928794 0.3403806600660381 0.7319059899630056
vn 0.5142052016301537 0.8575194097895978 0.015920818150860064
vn 0.5903004557928794 -0.3403806600660381 -0.7319059899630056
vn -0.5142052016301537 -0.8575194097895978 -0.015920818150860064
vn 0.6222044539435672 -0.3857479333542926 0.681219604390302
vn -0.6222044539435672 0.3857479333542926 -0.681219604390302
usemtl m_da6b91ca-a2a6-99fb-e3a5-c3b43064adfd
f 132/388/97 135/387/97 133/386/97 130/385/97
f 131/392/98 132/391/98 130/390/98 129/389/98
f 136/396/99 131/395/99 129/394/99 134/393/99
f 135/400/100 136/399/100 134/398/100 133/397/100
f 134/404/101 129/403/101 130/402/101 133/401/101
f 135/408/102 132/407/102 131/406/102 136/405/102
o cube
v 0.8150867230096828 0.3382787887463601 0.20538841966718557
v 0.7929504559174498 0.3510430634988365 0.2328348942907985
v 0.812222960371912 0.37124589259004104 0.18774702154474476
v 0.7900866932796791 0.3840101673425176 0.2151934961683577
v 0.6824605470389185 0.3051740521021399 0.16505389526080827
v 0.7045968141311514 0.29240977734966345 0.13760742063719533
v 0.6795967844011477 0.33814115594582095 0.14741249713836735
v 0.7017330514933806 0.3253768811933444 0.11996602251475452
vt 0.84375 0.9375
vt 0.875 0.9375
vt 0.875 0.921875
vt 0.84375 0.921875
vt 0.8854166666666666 0.65625
vt 0.8958333333333334 0.65625
vt 0.8958333333333334 0.640625
vt 0.8854166666666666 0.640625
vt 0.84375 0.921875
vt 0.875 0.921875
vt 0.875 0.90625
vt 0.84375 0.90625
vt 0.8958333333333334 0.671875
vt 0.90625 0.671875
vt 0.90625 0.65625
vt 0.8958333333333334 0.65625
vt 0.875 0.890625
vt 0.84375 0.890625
vt 0.84375 0.90625
vt 0.875 0.90625
vt 0.875 0.890625
vt 0.84375 0.890625
vt 0.84375 0.875
vt 0.875 0.875
vn -0.5903004557928792 0.34038066006603807 0.7319059899630057
vn 0.8035629736620469 0.33359281015779396 0.49295272021811065
vn 0.5903004557928792 -0.34038066006603807 -0.7319059899630057
vn -0.8035629736620469 -0.33359281015779396 -0.49295272021811065
vn 0.07636700367389156 -0.8791227691648275 0.4704372832650888
vn -0.07636700367389156 0.8791227691648275 -0.4704372832650888
usemtl m_da6b91ca-a2a6-99fb-e3a5-c3b43064adfd
f 140/412/103 143/411/103 141/410/103 138/409/103
f 139/416/104 140/415/104 138/414/104 137/413/104
f 144/420/105 139/419/105 137/418/105 142/417/105
f 143/424/106 144/423/106 142/422/106 141/421/106
f 142/428/107 137/427/107 138/426/107 141/425/107
f 143/432/108 140/431/108 139/430/108 144/429/108
o cube
v 0.9849506005130975 0.14850663828359723 0.15738429573304824
v 0.9480568220260426 0.16978042953772465 0.20312842010573606
v 0.9460628221416245 0.17261588411824058 0.11480807045865427
v 0.9091690436545696 0.193889675372368 0.1605521948313422
v 0.8837811718222734 0.06259050331402527 0.20113831783687863
v 0.9206749503093286 0.04131671205989784 0.1553941934641907
v 0.8448933934508007 0.08669974914866851 0.15856209256248466
v 0.8817871719378556 0.0654259578945412 0.11281796818979684
vt 0.8854166666666666 1
vt 0.90625 1
vt 0.90625 0.984375
vt 0.8854166666666666 0.984375
vt 0.8958333333333334 0.65625
vt 0.90625 0.65625
vt 0.90625 0.640625
vt 0.8958333333333334 0.640625
vt 0.6979166666666666 0.671875
vt 0.71875 0.671875
vt 0.71875 0.65625
vt 0.6979166666666666 0.65625
vt 0.6666666666666666 0.640625
vt 0.6770833333333334 0.640625
vt 0.6770833333333334 0.625
vt 0.6666666666666666 0.625
vt 0.90625 0.90625
vt 0.8854166666666666 0.90625
vt 0.8854166666666666 0.921875
vt 0.90625 0.921875
vt 0.90625 0.90625
vt 0.8854166666666666 0.90625
vt 0.8854166666666666 0.890625
vt 0.90625 0.890625
vn -0.5903004557928794 0.3403806600660381 0.7319059899630056
vn 0.5142052016301537 0.8575194097895978 0.015920818150860064
vn 0.5903004557928794 -0.3403806600660381 -0.7319059899630056
vn -0.5142052016301537 -0.8575194097895978 -0.015920818150860064
vn 0.6222044539435672 -0.3857479333542926 0.681219604390302
vn -0.6222044539435672 0.3857479333542926 -0.681219604390302
usemtl m_da6b91ca-a2a6-99fb-e3a5-c3b43064adfd
f 148/436/109 151/435/109 149/434/109 146/433/109
f 147/440/110 148/439/110 146/438/110 145/437/110
f 152/444/111 147/443/111 145/442/111 150/441/111
f 151/448/112 152/447/112 150/446/112 149/445/112
f 150/452/113 145/451/113 146/450/113 149/449/113
f 151/456/114 148/455/114 147/454/114 152/453/114
o cube
v 0.9783538420439344 0.14698151235351598 0.1613124694043795
v 0.9488388192542905 0.16400054535681785 0.1979077689025298
v 0.9668987914928509 0.27884992772824013 0.09074687691461614
v 0.9373837687032067 0.295868960731542 0.12734217641276646
v 0.9086606705711884 0.14732090484892824 0.17326013289162434
v 0.9381756933608323 0.13030187184562636 0.13666483339347402
v 0.8972056200201046 0.2791893202236524 0.10269454040186099
v 0.9267206428097485 0.2621702872203504 0.06609924090371067
vt 0.6875 0.734375
vt 0.6979166666666666 0.734375
vt 0.6979166666666666 0.6875
vt 0.6875 0.6875
vt 0.71875 0.734375
vt 0.7291666666666666 0.734375
vt 0.7291666666666666 0.6875
vt 0.71875 0.6875
vt 0.7291666666666666 0.734375
vt 0.7395833333333334 0.734375
vt 0.7395833333333334 0.6875
vt 0.7291666666666666 0.6875
vt 0.84375 0.875
vt 0.8541666666666666 0.875
vt 0.8541666666666666 0.828125
vt 0.84375 0.828125
vt 0.9166666666666666 0.984375
vt 0.90625 0.984375
vt 0.90625 1
vt 0.9166666666666666 1
vt 0.6875 0.640625
vt 0.6770833333333334 0.640625
vt 0.6770833333333334 0.625
vt 0.6875 0.625
vn -0.5903004557928792 0.34038066006603807 0.7319059899630057
vn 0.8035629736620469 0.33359281015779396 0.49295272021811065
vn 0.5903004557928792 -0.34038066006603807 -0.7319059899630057
vn -0.8035629736620469 -0.33359281015779396 -0.49295272021811065
vn 0.07636700367389156 -0.8791227691648275 0.4704372832650888
vn -0.07636700367389156 0.8791227691648275 -0.4704372832650888
usemtl m_da6b91ca-a2a6-99fb-e3a5-c3b43064adfd
f 156/460/115 159/459/115 157/458/115 154/457/115
f 155/464/116 156/463/116 154/462/116 153/461/116
f 160/468/117 155/467/117 153/466/117 158/465/117
f 159/472/118 160/471/118 158/470/118 157/469/118
f 158/476/119 153/475/119 154/474/119 157/473/119
f 159/480/120 156/479/120 155/478/120 160/477/120
o cube
v 0.9394362765656654 0.2555996050910203 0.08794983065347739
v 0.9173000094734323 0.26836387984349674 0.11539630527709022
v 0.9483221387617515 0.2908445041385026 0.0787254854645254
v 0.9261858716695186 0.30360877889097904 0.10617196008813812
v 0.791911796598892 0.2729506291009426 0.012134464293219294
v 0.8140480636911251 0.26018635434846615 -0.015312010330393422
v 0.8007976587949783 0.3081955281484249 0.002910119104267306
v 0.8229339258872115 0.29543125339594845 -0.02453635551934552
vt 0.7604166666666666 0.734375
vt 0.7916666666666666 0.734375
vt 0.7916666666666666 0.71875
vt 0.7604166666666666 0.71875
vt 0.90625 0.984375
vt 0.9166666666666666 0.984375
vt 0.9166666666666666 0.96875
vt 0.90625 0.96875
vt 0.84375 0.828125
vt 0.875 0.828125
vt 0.875 0.8125
vt 0.84375 0.8125
vt 0.6875 0.640625
vt 0.6979166666666666 0.640625
vt 0.6979166666666666 0.625
vt 0.6875 0.625
vt 0.875 0.796875
vt 0.84375 0.796875
vt 0.84375 0.8125
vt 0.875 0.8125
vt 0.8333333333333334 0.734375
vt 0.8020833333333334 0.734375
vt 0.8020833333333334 0.71875
vt 0.8333333333333334 0.71875
vn -0.5903004557928793 0.3403806600660381 0.7319059899630056
vn 0.7716197715356335 -0.028226149276589566 0.6354574829776674
vn 0.5903004557928793 -0.3403806600660381 -0.7319059899630056
vn -0.7716197715356335 0.028226149276589566 -0.6354574829776674
vn -0.23695632522896778 -0.9398639745995291 0.24598253837205558
vn 0.23695632522896778 0.9398639745995291 -0.24598253837205558
usemtl m_da6b91ca-a2a6-99fb-e3a5-c3b43064adfd
f 164/484/121 167/483/121 165/482/121 162/481/121
f 163/488/122 164/487/122 162/486/122 161/485/122
f 168/492/123 163/491/123 161/490/123 166/489/123
f 167/496/124 168/495/124 166/494/124 165/493/124
f 166/500/125 161/499/125 162/498/125 165/497/125
f 167/504/126 164/503/126 163/502/126 168/501/126
o cube
v 0.6260808267962834 -0.002617690441934717 0.698230815910208
v 0.5818082926118175 0.022910859063018152 0.7531237651574334
v 0.6203533015207416 0.0633165172454273 0.6629480196653263
v 0.5760807673362756 0.08884506675038017 0.7178409689125518
v 0.42109569787940826 -0.043807702968540585 0.6545332211138113
v 0.46536823206387423 -0.06933625247349345 0.5996402718665859
v 0.4153681726038665 0.022126504718821383 0.6192504248689297
v 0.45964070678833235 -0.0034020447861314307 0.5643574756217042
vt 0.84375 0.796875
vt 0.875 0.796875
vt 0.875 0.78125
vt 0.84375 0.78125
vt 0.90625 0.96875
vt 0.9166666666666666 0.96875
vt 0.9166666666666666 0.953125
vt 0.90625 0.953125
vt 0.84375 0.75
vt 0.875 0.75
vt 0.875 0.734375
vt 0.84375 0.734375
vt 0.6979166666666666 0.640625
vt 0.7083333333333334 0.640625
vt 0.7083333333333334 0.625
vt 0.6979166666666666 0.625
vt 0.875 0.71875
vt 0.84375 0.71875
vt 0.84375 0.734375
vt 0.875 0.734375
vt 0.8854166666666666 1
vt 0.8541666666666666 1
vt 0.8541666666666666 0.984375
vt 0.8854166666666666 0.984375
vn -0.5903004557928792 0.34038066006603807 0.7319059899630057
vn 0.8035629736620469 0.33359281015779396 0.49295272021811065
vn 0.5903004557928792 -0.34038066006603807 -0.7319059899630057
vn -0.8035629736620469 -0.33359281015779396 -0.49295272021811065
vn 0.07636700367389156 -0.8791227691648275 0.4704372832650888
vn -0.07636700367389156 0.8791227691648275 -0.4704372832650888
usemtl m_da6b91ca-a2a6-99fb-e3a5-c3b43064adfd
f 172/508/127 175/507/127 173/506/127 170/505/127
f 171/512/128 172/511/128 170/510/128 169/509/128
f 176/516/129 171/515/129 169/514/129 174/513/129
f 175/520/130 176/519/130 174/518/130 173/517/130
f 174/524/131 169/523/131 170/522/131 173/521/131
f 175/528/132 172/527/132 171/526/132 176/525/132
o cube
v 0.48606181135749393 -0.02136352707297534 0.6025592824790316
v 0.44916803287043894 -0.0000897358188479136 0.6483034068517197
v 0.33051069787160214 0.07507345626559792 0.432254381381456
v 0.29361691938454715 0.09634724751972534 0.47799850575414393
v 0.4170302077685544 -0.05368469893069783 0.647308355717291
v 0.45392398625560926 -0.0749584901848252 0.601564231344603
v 0.2614790942826626 0.042752284407875485 0.47700345461971516
v 0.29837287276971747 0.021478493153748057 0.43125933024702723
vt 0.7708333333333334 0.8125
vt 0.78125 0.8125
vt 0.78125 0.75
vt 0.7708333333333334 0.75
vt 0.78125 0.8125
vt 0.7916666666666666 0.8125
vt 0.7916666666666666 0.75
vt 0.78125 0.75
vt 0.7916666666666666 0.828125
vt 0.8020833333333334 0.828125
vt 0.8020833333333334 0.765625
vt 0.7916666666666666 0.765625
vt 0.8020833333333334 1
vt 0.8125 1
vt 0.8125 0.9375
vt 0.8020833333333334 0.9375
vt 0.9166666666666666 0.9375
vt 0.90625 0.9375
vt 0.90625 0.953125
vt 0.9166666666666666 0.953125
vt 0.71875 0.640625
vt 0.7083333333333334 0.640625
vt 0.7083333333333334 0.625
