# Made in Blockbench 4.9.4
mtllib animal_skull.mtl

o Base
v 0.593474178015283 0.2691601853047736 0.7020708184933744
v 0.6282011696989631 0.22132475625913728 0.5919308721677041
v 0.5790897870794853 0.15367524374086272 0.7476922780205117
v 0.6138167787631654 0.10583981469522641 0.6375523316948415
v 0.5089865508554348 0.22132475625913728 0.55434264722967
v 0.4742595591717548 0.2691601853047736 0.6644825935553402
v 0.49460215991963685 0.10583981469522641 0.5999641067568073
v 0.45987516823595687 0.15367524374086272 0.7101040530824776
vt 0.28125 0.34375
vt 0.34375 0.34375
vt 0.34375 0.28125
vt 0.28125 0.28125
vt 0.46875 0.34375
vt 0.53125 0.34375
vt 0.53125 0.28125
vt 0.46875 0.28125
vt 0.65625 0.5
vt 0.71875 0.5
vt 0.71875 0.4375
vt 0.65625 0.4375
vt 0.53125 0.34375
vt 0.59375 0.34375
vt 0.59375 0.28125
vt 0.53125 0.28125
vt 0.71875 0.375
vt 0.65625 0.375
vt 0.65625 0.4375
vt 0.71875 0.4375
vt 0.65625 0.34375
vt 0.59375 0.34375
vt 0.59375 0.28125
vt 0.65625 0.28125
vn 0.2778159334694405 -0.3826834323650898 -0.881119570605362
vn 0.953716950748227 -1.387778780781446e-17 0.300705799504273
vn -0.2778159334694405 0.3826834323650898 0.881119570605362
vn -0.953716950748227 1.387778780781446e-17 -0.300705799504273
vn 0.11507512748638372 0.9238795325112868 -0.36497167621709875
vn -0.11507512748638372 -0.9238795325112868 0.36497167621709875
usemtl m_8c55bdb7-840f-f3ef-761e-886c042f5fe4
f 4/4/1 7/3/1 5/2/1 2/1/1
f 3/8/2 4/7/2 2/6/2 1/5/2
f 8/12/3 3/11/3 1/10/3 6/9/3
f 7/16/4 8/15/4 6/14/4 5/13/4
f 6/20/5 1/19/5 2/18/5 5/17/5
f 7/24/6 4/23/6 3/22/6 8/21/6
o Base
v 0.6295568479865303 0.2537912607362388 0.743514468867635
v 0.6494910145463673 0.1875 0.6802913698170134
v 0.6096226814266936 0.1875 0.8067375679182562
v 0.6295568479865303 0.12120873926376119 0.743514468867635
v 0.5600800504137209 0.1875 0.652100201113488
v 0.5401458838538842 0.2537912607362388 0.7153233001641093
v 0.5401458838538842 0.12120873926376119 0.7153233001641093
v 0.5202117172940472 0.1875 0.7785463992147306
vt 0.65625 0.375
vt 0.71875 0.375
vt 0.71875 0.3125
vt 0.65625 0.3125
vt 0 0.3125
vt 0.0625 0.3125
vt 0.0625 0.25
vt 0 0.25
vt 0.6875 1
vt 0.75 1
vt 0.75 0.9375
vt 0.6875 0.9375
vt 0.6875 0.9375
vt 0.75 0.9375
vt 0.75 0.875
vt 0.6875 0.875
vt 0.75 0.6875
vt 0.6875 0.6875
vt 0.6875 0.75
vt 0.75 0.75
vt 0.75 0.6875
vt 0.6875 0.6875
vt 0.6875 0.625
vt 0.75 0.625
vn 0.21263110997159385 -0.7071067811865476 -0.6743797232066279
vn 0.953716950748227 2.775557561562892e-17 0.30070579950427306
vn -0.21263110997159385 0.7071067811865476 0.6743797232066279
vn -0.953716950748227 -2.775557561562892e-17 -0.30070579950427306
vn 0.21263110997159387 0.7071067811865475 -0.674379723206628
vn -0.21263110997159387 -0.7071067811865475 0.674379723206628
usemtl m_8c55bdb7-840f-f3ef-761e-886c042f5fe4
f 12/28/7 15/27/7 13/26/7 10/25/7
f 11/32/8 12/31/8 10/30/8 9/29/8
f 16/36/9 11/35/9 9/34/9 14/33/9
f 15/40/10 16/39/10 14/38/10 13/37/10
f 14/44/11 9/43/11 10/42/11 13/41/11
f 15/48/12 12/47/12 11/46/12 16/45/12
o Base
v 0.6387260788481268 0.29040291308792043 0.8079633392715997
v 0.6653049675945764 0.20201456543960195 0.7236658738707711
v 0.6254366344749025 0.2462087392637612 0.8501120719720139
v 0.6520155232213516 0.1578203916154427 0.7658146065711855
v 0.605697658172812 0.20201456543960195 0.7048717614017541
v 0.5791187694263629 0.29040291308792043 0.7891692268025825
v 0.5924082137995874 0.1578203916154427 0.7470204941021683
v 0.5658293250531381 0.2462087392637612 0.8313179595029969
vt 0.09375 0.53125
vt 0.125 0.53125
vt 0.125 0.5
vt 0.09375 0.5
vt 0.5625 0.5625
vt 0.625 0.5625
vt 0.625 0.53125
vt 0.5625 0.53125
vt 0.625 0.5625
vt 0.65625 0.5625
vt 0.65625 0.53125
vt 0.625 0.53125
vt 0.46875 0.4375
vt 0.53125 0.4375
vt 0.53125 0.40625
vt 0.46875 0.40625
vt 0.40625 0.1875
vt 0.375 0.1875
vt 0.375 0.25
vt 0.40625 0.25
vt 0.78125 0.625
vt 0.75 0.625
vt 0.75 0.5625
vt 0.78125 0.5625
vn 0.21263110997159385 -0.7071067811865476 -0.6743797232066279
vn 0.953716950748227 2.775557561562892e-17 0.30070579950427306
vn -0.21263110997159385 0.7071067811865476 0.6743797232066279
vn -0.953716950748227 -2.775557561562892e-17 -0.30070579950427306
vn 0.21263110997159387 0.7071067811865475 -0.674379723206628
vn -0.21263110997159387 -0.7071067811865475 0.674379723206628
usemtl m_8c55bdb7-840f-f3ef-761e-886c042f5fe4
f 20/52/13 23/51/13 21/50/13 18/49/13
f 19/56/14 20/55/14 18/54/14 17/53/14
f 24/60/15 19/59/15 17/58/15 22/57/15
f 23/64/16 24/63/16 22/62/16 21/61/16
f 22/68/17 17/67/17 18/66/17 21/65/17
f 23/72/18 20/71/18 19/70/18 24/69/18
o Base
v 0.29543763090646236 0.2691601853047736 0.6081002561482891
v 0.33016462259014245 0.22132475625913728 0.49796030982261874
v 0.28105323997066445 0.15367524374086272 0.6537217156754265
v 0.31578023165434443 0.10583981469522641 0.543581769349756
v 0.2109500037466141 0.22132475625913728 0.4603720848845847
v 0.176223012062934 0.2691601853047736 0.5705120312102547
v 0.19656561281081608 0.10583981469522641 0.5059935444117221
v 0.1618386211271361 0.15367524374086272 0.6161334907373921
vt 0.34375 0.3125
vt 0.40625 0.3125
vt 0.40625 0.25
vt 0.34375 0.25
vt 0.40625 0.3125
vt 0.46875 0.3125
vt 0.46875 0.25
vt 0.40625 0.25
vt 0.65625 0.3125
vt 0.71875 0.3125
vt 0.71875 0.25
vt 0.65625 0.25
vt 0.0625 0.28125
vt 0.125 0.28125
vt 0.125 0.21875
vt 0.0625 0.21875
vt 0.1875 0.21875
vt 0.125 0.21875
vt 0.125 0.28125
vt 0.1875 0.28125
vt 0.25 0.28125
vt 0.1875 0.28125
vt 0.1875 0.21875
vt 0.25 0.21875
vn 0.2778159334694405 -0.3826834323650898 -0.881119570605362
vn 0.953716950748227 -1.387778780781446e-17 0.300705799504273
vn -0.2778159334694405 0.3826834323650898 0.881119570605362
vn -0.953716950748227 1.387778780781446e-17 -0.300705799504273
vn 0.11507512748638372 0.9238795325112868 -0.36497167621709875
vn -0.11507512748638372 -0.9238795325112868 0.36497167621709875
usemtl m_8c55bdb7-840f-f3ef-761e-886c042f5fe4
f 28/76/19 31/75/19 29/74/19 26/73/19
f 27/80/20 28/79/20 26/78/20 25/77/20
f 32/84/21 27/83/21 25/82/21 30/81/21
f 31/88/22 32/87/22 30/86/22 29/85/22
f 30/92/23 25/91/23 26/90/23 29/89/23
f 31/96/24 28/95/24 27/94/24 32/93/24
o Base
v 0.2123056820341811 0.2537912607362388 0.6119556815845155
v 0.23223984859401803 0.1875 0.5487325825338942
v 0.19237151547434417 0.1875 0.6751787806351368
v 0.2123056820341811 0.12120873926376119 0.6119556815845155
v 0.14282888446137165 0.1875 0.5205414138303686
v 0.12289471790153483 0.2537912607362388 0.5837645128809898
v 0.12289471790153472 0.12120873926376119 0.5837645128809898
v 0.1029605513416979 0.1875 0.6469876119316114
vt 0.25 0.28125
vt 0.3125 0.28125
vt 0.3125 0.21875
vt 0.25 0.21875
vt 0.46875 0.28125
vt 0.53125 0.28125
vt 0.53125 0.21875
vt 0.46875 0.21875
vt 0.71875 0.5
vt 0.78125 0.5
vt 0.78125 0.4375
vt 0.71875 0.4375
vt 0.53125 0.28125
vt 0.59375 0.28125
vt 0.59375 0.21875
vt 0.53125 0.21875
vt 0.78125 0.375
vt 0.71875 0.375
vt 0.71875 0.4375
vt 0.78125 0.4375
vt 0.65625 0.28125
vt 0.59375 0.28125
vt 0.59375 0.21875
vt 0.65625 0.21875
vn 0.21263110997159385 -0.7071067811865476 -0.6743797232066279
vn 0.953716950748227 2.775557561562892e-17 0.30070579950427306
vn -0.21263110997159385 0.7071067811865476 0.6743797232066279
vn -0.953716950748227 -2.775557561562892e-17 -0.30070579950427306
vn 0.21263110997159387 0.7071067811865475 -0.674379723206628
vn -0.21263110997159387 -0.7071067811865475 0.674379723206628
usemtl m_8c55bdb7-840f-f3ef-761e-886c042f5fe4
f 36/100/25 39/99/25 37/98/25 34/97/25
f 35/104/26 36/103/26 34/102/26 33/101/26
f 40/108/27 35/107/27 33/106/27 38/105/27
f 39/112/28 40/111/28 38/110/28 37/109/28
f 38/116/29 33/115/29 34/114/29 37/113/29
f 39/120/30 36/119/30 35/118/30 40/117/30
o Base
v 0.13802467970530785 0.29040291308792043 0.6500927945318562
v 0.16460356845175705 0.20201456543960195 0.5657953291310278
v 0.1247352353320833 0.2462087392637612 0.6922415272322704
v 0.1513141240785325 0.1578203916154427 0.607944061831442
v 0.10499625902999288 0.20201456543960195 0.5470012166620108
v 0.07841737028354367 0.29040291308792043 0.6312986820628392
v 0.09170681465676833 0.1578203916154427 0.589149949362425
v 0.06512792591031902 0.2462087392637612 0.6734474147632534
vt 0.0625 0.3125
vt 0.09375 0.3125
vt 0.09375 0.28125
vt 0.0625 0.28125
vt 0.1875 0.375
vt 0.25 0.375
vt 0.25 0.34375
vt 0.1875 0.34375
vt 0.3125 0.28125
vt 0.34375 0.28125
vt 0.34375 0.25
vt 0.3125 0.25
vt 0.40625 0.25
vt 0.46875 0.25
vt 0.46875 0.21875
vt 0.40625 0.21875
vt 0.78125 0.5
vt 0.75 0.5
vt 0.75 0.5625
vt 0.78125 0.5625
vt 0.6875 0.25
vt 0.65625 0.25
vt 0.65625 0.1875
vt 0.6875 0.1875
vn 0.21263110997159385 -0.7071067811865476 -0.6743797232066279
vn 0.953716950748227 2.775557561562892e-17 0.30070579950427306
vn -0.21263110997159385 0.7071067811865476 0.6743797232066279
vn -0.953716950748227 -2.775557561562892e-17 -0.30070579950427306
vn 0.21263110997159387 0.7071067811865475 -0.674379723206628
vn -0.21263110997159387 -0.7071067811865475 0.674379723206628
usemtl m_8c55bdb7-840f-f3ef-761e-886c042f5fe4
f 44/124/31 47/123/31 45/122/31 42/121/31
f 43/128/32 44/127/32 42/126/32 41/125/32
f 48/132/33 43/131/33 41/130/33 46/129/33
f 47/136/34 48/135/34 46/134/34 45/133/34
f 46/140/35 41/139/35 42/138/35 45/137/35
f 47/144/36 44/143/36 43/142/36 48/141/36
o Base
v 0.5445164474846245 0.09999999999999998 0.31694960462366617
v 0.6159340748668893 0.09999999999999998 0.0904418288209623
v 0.5445164474846245 0.006249999999999978 0.31694960462366617
v 0.6159340748668893 0.006249999999999978 0.0904418288209623
v 0.5086409179077136 0.09999999999999998 0.056612426376731584
v 0.43722329052544884 0.09999999999999998 0.28312020217943545
v 0.5086409179077136 0.006249999999999978 0.056612426376731584
v 0.43722329052544884 0.006249999999999978 0.28312020217943545
vt 0.71875 0.375
vt 0.78125 0.375
vt 0.78125 0.3125
vt 0.71875 0.3125
vt 0.53125 0.875
vt 0.65625 0.875
vt 0.65625 0.8125
vt 0.53125 0.8125
vt 0.71875 0.3125
vt 0.78125 0.3125
vt 0.78125 0.25
vt 0.71875 0.25
vt 0.53125 0.8125
vt 0.65625 0.8125
vt 0.65625 0.75
vt 0.53125 0.75
vt 0.25 0.375
vt 0.1875 0.375
vt 0.1875 0.5
vt 0.25 0.5
vt 0.59375 0.75
vt 0.53125 0.75
vt 0.53125 0.625
vt 0.59375 0.625
vn 0.300705799504273 6.071532165918825e-18 -0.9537169507482269
vn 0.9537169507482269 -1.9143467385539967e-18 0.300705799504273
vn -0.300705799504273 -6.071532165918825e-18 0.9537169507482269
vn -0.9537169507482269 1.9143467385539967e-18 -0.300705799504273
vn 0 1 6.366178310195156e-18
vn 0 -1 -6.366178310195156e-18
usemtl m_8c55bdb7-840f-f3ef-761e-886c042f5fe4
f 52/148/37 55/147/37 53/146/37 50/145/37
f 51/152/38 52/151/38 50/150/38 49/149/38
f 56/156/39 51/155/39 49/154/39 54/153/39
f 55/160/40 56/159/40 54/158/40 53/157/40
f 54/164/41 49/163/41 50/162/41 53/161/41
f 55/168/42 52/167/42 51/166/42 56/165/42
o Base
v 0.41825385241456514 0.125 0.49761379445077836
v 0.5588636420334956 0.125 0.33004157251850186
v 0.41825385241456514 0 0.49761379445077836
v 0.5588636420334956 0 0.33004157251850186
v 0.43916919779615515 0.125 0.22960600850498014
v 0.2985594081772247 0.125 0.39717823043725664
v 0.43916919779615515 0 0.22960600850498014
v 0.2985594081772247 0 0.39717823043725664
vt 0.5625 0.625
vt 0.65625 0.625
vt 0.65625 0.5625
vt 0.5625 0.5625
vt 0.53125 0.53125
vt 0.65625 0.53125
vt 0.65625 0.46875
vt 0.53125 0.46875
vt 0.09375 0.40625
vt 0.1875 0.40625
vt 0.1875 0.34375
vt 0.09375 0.34375
vt 0.53125 0.46875
vt 0.65625 0.46875
vt 0.65625 0.40625
vt 0.53125 0.40625
vt 0.5625 0.875
vt 0.46875 0.875
vt 0.46875 1
vt 0.5625 1
vt 0.34375 0.53125
vt 0.25 0.53125
vt 0.25 0.40625
vt 0.34375 0.40625
vn 0.6427876096865393 4.876775518429566e-18 -0.7660444431189782
vn 0.7660444431189782 -4.092100538848637e-18 0.6427876096865393
vn -0.6427876096865393 -4.876775518429566e-18 0.7660444431189782
vn -0.7660444431189782 4.092100538848637e-18 -0.6427876096865393
vn 3.8518598887744726e-34 1 6.3661783101951564e-18
vn -3.8518598887744726e-34 -1 -6.3661783101951564e-18
usemtl m_8c55bdb7-840f-f3ef-761e-886c042f5fe4
f 60/172/43 63/171/43 61/170/43 58/169/43
f 59/176/44 60/175/44 58/174/44 57/173/44
f 64/180/45 59/179/45 57/178/45 62/177/45
f 63/184/46 64/183/46 62/182/46 61/181/46
f 62/188/47 57/187/47 58/186/47 61/185/47
f 63/192/48 60/191/48 59/190/48 64/189/48
o Base
v 0.592749962196425 0.12506249999999997 0.489971622061236
v 0.5736737490025312 0.12506249999999997 0.2719295075164052
v 0.592749962196425 -0.00006249999999996536 0.489971622061236
v 0.5736737490025312 -0.00006249999999996536 0.2719295075164052
v 0.44902488740380164 0.12506249999999997 0.2828348698277059
v 0.4681011005976954 0.12506249999999997 0.5008769843725367
v 0.44902488740380164 -0.00006249999999996536 0.2828348698277059
v 0.4681011005976954 -0.00006249999999996536 0.5008769843725367
vt 0 0.25
vt 0.0625 0.25
vt 0.0625 0.1875
vt 0 0.1875
vt 0.5625 1
vt 0.6875 1
vt 0.6875 0.9375
vt 0.5625 0.9375
vt 0.75 1
vt 0.8125 1
vt 0.8125 0.9375
vt 0.75 0.9375
vt 0.5625 0.9375
vt 0.6875 0.9375
vt 0.6875 0.875
vt 0.5625 0.875
vt 0.40625 0.3125
vt 0.34375 0.3125
vt 0.34375 0.4375
vt 0.40625 0.4375
vt 0.46875 0.4375
vt 0.40625 0.4375
vt 0.40625 0.3125
vt 0.46875 0.3125
vn -0.08715574274765826 6.341953079723083e-18 -0.9961946980917457
vn 0.9961946980917457 5.548489990890903e-19 -0.08715574274765826
vn 0.08715574274765826 -6.341953079723083e-18 0.9961946980917457
vn -0.9961946980917457 -5.548489990890903e-19 0.08715574274765826
vn 1.9259299443872363e-34 1 6.3661783101951564e-18
vn -1.9259299443872363e-34 -1 -6.3661783101951564e-18
usemtl m_8c55bdb7-840f-f3ef-761e-886c042f5fe4
f 68/196/49 71/195/49 69/194/49 66/193/49
f 67/200/50 68/199/50 66/198/50 65/197/50
f 72/204/51 67/203/51 65/202/51 70/201/51
f 71/208/52 72/207/52 70/206/52 69/205/52
f 70/212/53 65/211/53 66/210/53 69/209/53
f 71/216/54 68/215/54 67/214/54 72/213/54
o Base
v 0.5676764186514469 0.1772821659444328 0.34741773305506063
v 0.6249759549295189 0.09835370801913301 0.16568682161770476
v 0.5547304668092286 0.07334571853691307 0.38847704662948424
v 0.6120300030873007 -0.005582739388386715 0.20674613519212837
v 0.45807548854857916 0.09835370801913301 0.11306330670445697
v 0.400775952270507 0.1772821659444328 0.29479421814181284
v 0.445129536706361 -0.005582739388386715 0.15412262027888057
v 0.38783000042828886 0.07334571853691307 0.33585353171623644
vt 0.25 0.40625
vt 0.34375 0.40625
vt 0.34375 0.34375
vt 0.25 0.34375
vt 0.59375 0.75
vt 0.6875 0.75
vt 0.6875 0.6875
vt 0.59375 0.6875
vt 0.59375 0.6875
vt 0.6875 0.6875
vt 0.6875 0.625
vt 0.59375 0.625
vt 0.46875 0.40625
vt 0.5625 0.40625
vt 0.5625 0.34375
vt 0.46875 0.34375
vt 0.53125 0.625
vt 0.4375 0.625
vt 0.4375 0.71875
vt 0.53125 0.71875
vt 0.4375 0.53125
vt 0.34375 0.53125
vt 0.34375 0.4375
vt 0.4375 0.4375
vn 0.2778159334694405 -0.3826834323650898 -0.881119570605362
vn 0.953716950748227 -1.387778780781446e-17 0.300705799504273
vn -0.2778159334694405 0.3826834323650898 0.881119570605362
vn -0.953716950748227 1.387778780781446e-17 -0.300705799504273
vn 0.11507512748638372 0.9238795325112868 -0.36497167621709875
vn -0.11507512748638372 -0.9238795325112868 0.36497167621709875
usemtl m_8c55bdb7-840f-f3ef-761e-886c042f5fe4
f 76/220/55 79/219/55 77/218/55 74/217/55
f 75/224/56 76/223/56 74/222/56 73/221/56
f 80/228/57 75/227/57 73/226/57 78/225/57
f 79/232/58 80/231/58 78/230/58 77/229/58
f 78/236/59 73/235/59 74/234/59 77/233/59
f 79/240/60 76/239/60 75/238/60 80/237/60
o Base
v 0.48487980471217607 0.18818749999999995 0.6330857657968723
v 0.5792638375315797 0.18818749999999995 0.3337378578807727
v 0.48487980471217607 -0.0006875000000000075 0.6330857657968723
v 0.5792638375315797 -0.0006875000000000075 0.3337378578807727
v 0.3991305484590085 0.18818749999999995 0.2769420499994031
v 0.30474651563960486 0.18818749999999995 0.5762899579155027
v 0.3991305484590085 -0.0006875000000000075 0.2769420499994031
v 0.30474651563960486 -0.0006875000000000075 0.5762899579155027
vt 0.4375 0.53125
vt 0.53125 0.53125
vt 0.53125 0.4375
vt 0.4375 0.4375
vt 0.25 0.625
vt 0.40625 0.625
vt 0.40625 0.53125
vt 0.25 0.53125
vt 0.09375 0.5
vt 0.1875 0.5
vt 0.1875 0.40625
vt 0.09375 0.40625
vt 0.40625 0.625
vt 0.5625 0.625
vt 0.5625 0.53125
vt 0.40625 0.53125
vt 0.53125 0.71875
vt 0.4375 0.71875
vt 0.4375 0.875
vt 0.53125 0.875
vt 0.09375 0.53125
vt 0 0.53125
vt 0 0.375
vt 0.09375 0.375
vn 0.300705799504273 6.071532165918825e-18 -0.9537169507482269
vn 0.9537169507482269 -1.9143467385539967e-18 0.300705799504273
vn -0.300705799504273 -6.071532165918825e-18 0.9537169507482269
vn -0.9537169507482269 1.9143467385539967e-18 -0.300705799504273
vn 0 1 6.366178310195156e-18
vn 0 -1 -6.366178310195156e-18
usemtl m_8c55bdb7-840f-f3ef-761e-886c042f5fe4
f 84/244/61 87/243/61 85/242/61 82/241/61
f 83/248/62 84/247/62 82/246/62 81/245/62
f 88/252/63 83/251/63 81/250/63 86/249/63
f 87/256/64 88/255/64 86/254/64 85/253/64
f 86/260/65 81/259/65 82/258/65 85/257/65
f 87/264/66 84/263/66 83/262/66 88/261/66
o Base
v 0.5483006955383649 0.2597267870539892 0.6377062998530882
v 0.6177894058974085 0.16400809353367118 0.41731626725542215
v 0.5195175292758332 0.028641418984603595 0.72899484036689
v 0.5890062396348767 -0.06707727453571449 0.508604807769224
v 0.31963364416974427 0.16400809353367118 0.3233081166853988
v 0.25014493381070046 0.2597267870539892 0.5436981492830648
v 0.2908504779072125 -0.06707727453571449 0.4145966571992007
v 0.22136176754816872 0.028641418984603595 0.6349866897968668
vt 0.125 0.875
vt 0.28125 0.875
vt 0.28125 0.75
vt 0.125 0.75
vt 0.34375 1
vt 0.46875 1
vt 0.46875 0.875
vt 0.34375 0.875
vt 0.125 0.75
vt 0.28125 0.75
vt 0.28125 0.625
vt 0.125 0.625
vt 0.125 0.625
vt 0.25 0.625
vt 0.25 0.5
vt 0.125 0.5
vt 0.4375 0.75
vt 0.28125 0.75
vt 0.28125 0.875
vt 0.4375 0.875
vt 0.4375 0.75
vt 0.28125 0.75
vt 0.28125 0.625
vt 0.4375 0.625
vn 0.2778159334694405 -0.3826834323650898 -0.881119570605362
vn 0.953716950748227 -1.387778780781446e-17 0.300705799504273
vn -0.2778159334694405 0.3826834323650898 0.881119570605362
vn -0.953716950748227 1.387778780781446e-17 -0.300705799504273
vn 0.11507512748638372 0.9238795325112868 -0.36497167621709875
vn -0.11507512748638372 -0.9238795325112868 0.36497167621709875
usemtl m_8c55bdb7-840f-f3ef-761e-886c042f5fe4
f 92/268/67 95/267/67 93/266/67 90/265/67
f 91/272/68 92/271/68 90/270/68 89/269/68
f 96/276/69 91/275/69 89/274/69 94/273/69
f 95/280/70 96/279/70 94/278/70 93/277/70
f 94/284/71 89/283/71 90/282/71 93/281/71
f 95/288/72 92/287/72 91/286/72 96/285/72
o cube
v 0.7235572405235895 0.13437500000000002 0.8879619370370806
v 0.8206733328683407 0.13437500000000002 0.7819783198706252
v 0.7235572405235895 -0.009374999999999967 0.8879619370370806
v 0.8206733328683407 -0.009374999999999967 0.7819783198706252
v 0.6916497989265693 0.13437500000000002 0.6637500335378848
v 0.5945337065818181 0.13437500000000002 0.7697336507043402
v 0.6916497989265693 -0.009374999999999967 0.6637500335378848
v 0.5945337065818181 -0.009374999999999967 0.7697336507043402
vt 0.03125 0.65625
vt 0.125 0.65625
vt 0.125 0.59375
vt 0.03125 0.59375
vt 0.1875 0.9375
vt 0.25 0.9375
vt 0.25 0.875
vt 0.1875 0.875
vt 0.03125 0.9375
vt 0.125 0.9375
vt 0.125 0.875
vt 0.03125 0.875
vt 0.125 0.9375
vt 0.1875 0.9375
vt 0.1875 0.875
vt 0.125 0.875
vt 0.125 0.8125
vt 0.03125 0.8125
vt 0.03125 0.875
vt 0.125 0.875
vt 0.125 0.71875
vt 0.03125 0.71875
vt 0.03125 0.65625
vt 0.125 0.65625
vn 0.6755902076156601 2.856723552636109e-17 -0.7372773368101241
vn 0.7372773368101241 4.6896165262949534e-17 0.6755902076156601
vn -0.6755902076156601 -2.856723552636109e-17 0.7372773368101241
vn -0.7372773368101241 -4.6896165262949534e-17 -0.6755902076156601
vn -5.387522441193464e-17 1 -1.062061469747132e-17
vn 5.387522441193464e-17 -1 1.062061469747132e-17
usemtl m_8c55bdb7-840f-f3ef-761e-886c042f5fe4
f 100/292/73 103/291/73 101/290/73 98/289/73
f 99/296/74 100/295/74 98/294/74 97/293/74
f 104/300/75 99/299/75 97/298/75 102/297/75
f 103/304/76 104/303/76 102/302/76 101/301/76
f 102/308/77 97/307/77 98/306/77 101/305/77
f 103/312/78 100/311/78 99/310/78 104/309/78
o cube
v 0.7423593293306913 0.10694444444444445 0.8171597934143815
v 1.1296465530138369 0.10694444444444445 0.35560885322415514
v 0.7423593293306913 0.018055555555555557 0.8171597934143815
v 1.1296465530138369 0.01805555555555556 0.35560885322415514
v 0.6718484203617853 0.10694444444444445 0.7579941157045977
v 1.0591356440449309 0.10694444444444445 0.2964431755143714
v 0.6718484203617853 0.018055555555555557 0.7579941157045977
v 1.0591356440449309 0.01805555555555556 0.2964431755143714
v 1.0823766453372996 0.1625 0.2090800842326372
v 1.2116466451136274 0.1625 0.31755049336724084
v 1.0823766453372996 -0.03749999999999998 0.2090800842326372
v 1.2116466451136274 -0.03749999999999998 0.31755049336724084
vt 0.34375 0.9375
vt 0.34375 1
vt 0 1
vt 0 0.9375
vt 0.34375 0.875
vt 0.34375 0.9375
vt 0 0.9375
vt 0 0.875
vt 0 0.875
vt 0 0.53125
vt 0.0625 0.53125
vt 0.0625 0.875
vt 0.0625 0.53125
vt 0.0625 0.875
vt 0.125 0.875
vt 0.125 0.53125
vt 0.28125 0.875
vt 0.28125 0.9375
vt 0.21875 0.9375
vt 0.21875 0.875
vt 0.21875 0.875
vt 0.21875 0.9375
vt 0.15625 0.9375
vt 0.15625 0.875
vt 0.09375 0.8125
vt 0.09375 0.775
vt 0.125 0.775
vt 0.125 0.8125
vt 0.10000000000000009 0.84375
vt 0.0625 0.84375
vt 0.0625 0.8125
vt 0.10000000000000009 0.8125
vt 0.09375 0.68125
vt 0.09375 0.71875
vt 0.0625 0.71875
vt 0.0625 0.68125
vt 0.09375 0.75
vt 0.1312500000000001 0.75
vt 0.1312500000000001 0.78125
vt 0.09375 0.78125
vn 0.7660444431189782 -4.092100538848637e-18 0.6427876096865393
vn -0.7660444431189782 4.092100538848637e-18 -0.6427876096865393
vn 3.8518598887744726e-34 1 6.3661783101951564e-18
vn -3.8518598887744726e-34 -1 -6.3661783101951564e-18
vn -0.6427876096865393 -4.876775518429566e-18 0.7660444431189782
vn 0.6427876096865393 4.876775518429566e-18 -0.7660444431189782
vn -0.9663885021812806 1.6366559541507253e-18 -0.25708610007509397
vn -0.36095123013595076 0.8274493014888564 0.43016492526581895
vn 0.420991986867679 -5.774533432864464e-18 0.907064356588442
vn -0.3609512301359507 -0.8274493014888565 0.4301649252658189
usemtl m_8c55bdb7-840f-f3ef-761e-886c042f5fe4
f 108/313/79 106/314/79 105/315/79 107/316/79
f 111/317/80 109/318/80 110/319/80 112/320/80
f 105/321/81 106/322/81 110/323/81 109/324/81
f 108/325/82 107/326/82 111/327/82 112/328/82
f 107/329/83 105/330/83 109/331/83 111/332/83
f 115/333/84 113/334/84 114/335/84 116/336/84
f 113/337/85 115/338/85 112/339/85 110/340/85
f 114/341/86 113/342/86 110/343/86 106/344/86
f 116/345/87 114/346/87 106/347/87 108/348/87
f 115/349/88 116/350/88 108/351/88 112/352/88
o cube
v 0.035510055950149555 0.140625 0.3838326243514233
v 0.008377528189691397 0.140625 0.22995641294326585
v 0.035510055950149555 -0.015625 0.3838326243514233
v 0.008377528189691397 -0.015625 0.22995641294326585
v -0.17627392550009746 0.140625 0.26251544625581547
v -0.14914139773963953 0.140625 0.4163916576639729
v -0.17627392550009746 -0.015625 0.26251544625581547
v -0.14914139773963953 -0.015625 0.4163916576639729
vt 0.03125 0.75
vt 0.125 0.75
vt 0.125 0.6875
vt 0.03125 0.6875
vt 0.0625 0.875
vt 0.125 0.875
vt 0.125 0.8125
vt 0.0625 0.8125
vt 0.28125 0.9375
vt 0.375 0.9375
vt 0.375 0.875
vt 0.28125 0.875
vt 0.0625 0.8125
vt 0.125 0.8125
vt 0.125 0.75
vt 0.0625 0.75
vt 0.125 0.625
vt 0.03125 0.625
vt 0.03125 0.6875
vt 0.125 0.6875
vt 0.125 0.625
vt 0.03125 0.625
vt 0.03125 0.5625
vt 0.125 0.5625
vn -0.17364817766693114 9.881621290586834e-18 -0.9848077530122079
vn 0.9848077530122079 8.044369166175378e-18 -0.17364817766693114
vn 0.17364817766693114 -9.881621290586834e-18 0.9848077530122079
vn -0.9848077530122079 -8.044369166175378e-18 0.17364817766693114
vn -6.2062315934367125e-18 1 1.1128387305486819e-17
vn 6.2062315934367125e-18 -1 -1.1128387305486819e-17
usemtl m_8c55bdb7-840f-f3ef-761e-886c042f5fe4
f 120/356/89 123/355/89 121/354/89 118/353/89
f 119/360/90 120/359/90 118/358/90 117/357/90
f 124/364/91 119/363/91 117/362/91 122/361/91
f 123/368/92 124/367/92 122/366/92 121/365/92
f 122/372/93 117/371/93 118/370/93 121/369/93
f 123/376/94 120/375/94 119/374/94 124/373/94
o cube
v 0.1423038756950077 0.11562499999999998 0.8789188451135768
v -0.03078136071730453 0.11562499999999998 0.23295594878276282
v 0.1423038756950077 0.009375000000000022 0.8789188451135768
v -0.03078136071730453 0.009375000000000022 0.23295594878276282
v -0.13341097976051808 0.11562499999999998 0.26045547232490585
v 0.039674256651794026 0.11562499999999998 0.9064183686557199
v -0.13341097976051808 0.009375000000000022 0.26045547232490585
v 0.039674256651794026 0.009375000000000022 0.9064183686557199
vt 0.75 0.9375
vt 0.8125 0.9375
vt 0.8125 0.875
vt 0.75 0.875
vt 0 1
vt 0.34375 1
vt 0.34375 0.9375
vt 0 0.9375
vt 0.75 0.875
vt 0.8125 0.875
vt 0.8125 0.8125
vt 0.75 0.8125
vt 0 0.9375
vt 0.34375 0.9375
vt 0.34375 0.875
vt 0 0.875
vt 0.0625 0.53125
vt 0 0.53125
vt 0 0.875
vt 0.0625 0.875
vt 0.125 0.875
vt 0.0625 0.875
vt 0.0625 0.53125
vt 0.125 0.53125
vn -0.2588190451025229 7.586348026011976e-18 -0.9659258262890676
vn 0.9659258262890676 5.11713514315073e-18 -0.2588190451025229
vn 0.2588190451025229 -7.586348026011976e-18 0.9659258262890676
vn -0.9659258262890676 -5.11713514315073e-18 0.2588190451025229
vn -2.979281639472867e-18 1 8.65226151695289e-18
vn 2.979281639472867e-18 -1 -8.65226151695289e-18
usemtl m_8c55bdb7-840f-f3ef-761e-886c042f5fe4
f 128/380/95 131/379/95 129/378/95 126/377/95
f 127/384/96 128/383/96 126/382/96 125/381/96
f 132/388/97 127/387/97 125/386/97 130/385/97
f 131/392/98 132/391/98 130/390/98 129/389/98
f 130/396/99 125/395/99 126/394/99 129/393/99
f 131/400/100 128/399/100 127/398/100 132/397/100
o cube
v 0.1981168764474115 0.13437500000000002 0.9161435127829363
v 0.14895148084434662 0.13437500000000002 0.7810626985449622
v 0.1981168764474115 -0.009374999999999967 0.9161435127829363
v 0.14895148084434662 -0.009374999999999967 0.7810626985449622
v -0.01549472779318739 0.13437500000000002 0.8409162236269543
v 0.033670667809877486 0.13437500000000002 0.9759970378649283
v -0.01549472779318739 -0.009374999999999967 0.8409162236269543
v 0.033670667809877486 -0.009374999999999967 0.9759970378649283
vt 0.125 0.9375
vt 0.21875 0.9375
vt 0.21875 0.875
vt 0.125 0.875
vt 0.0625 0.90625
vt 0.125 0.90625
vt 0.125 0.84375
vt 0.0625 0.84375
vt 0.03125 0.65625
vt 0.125 0.65625
vt 0.125 0.59375
vt 0.03125 0.59375
vt 0.0625 0.84375
vt 0.125 0.84375
vt 0.125 0.78125
vt 0.0625 0.78125
vt 0.125 0.65625
vt 0.03125 0.65625
vt 0.03125 0.71875
vt 0.125 0.71875
vt 0.125 0.78125
vt 0.03125 0.78125
vt 0.03125 0.71875
vt 0.125 0.71875
vn -0.3420201433256689 2.9222037625688986e-17 -0.9396926207859083
vn 0.9396926207859083 3.2716094929713035e-17 -0.3420201433256689
vn 0.3420201433256689 -2.9222037625688986e-17 0.9396926207859083
vn -0.9396926207859083 -3.2716094929713035e-17 0.3420201433256689
vn -2.074854748937637e-17 1 3.8649296598104744e-17
vn 2.074854748937637e-17 -1 -3.8649296598104744e-17
usemtl m_8c55bdb7-840f-f3ef-761e-886c042f5fe4
f 136/404/101 139/403/101 137/402/101 134/401/101
f 135/408/102 136/407/102 134/406/102 133/405/102
f 140/412/103 135/411/103 133/410/103 138/409/103
f 139/416/104 140/415/104 138/414/104 137/413/104
f 138/420/105 133/419/105 134/418/105 137/417/105
f 139/424/106 136/423/106 135/422/106 140/421/106
o cube
v -0.10193778175891755 0.2910790216099929 0.9549586980266307
v 0.018343491603464712 0.2588497515479553 0.965853165870088
v -0.13429016239673275 0.1703382933238593 0.9549586980266307
v -0.01400888903435038 0.13810902326182184 0.965853165870088
v 0.03149755142055377 0.2553251318427756 0.8101977442932526
v -0.08878372194182849 0.2875544019048131 0.7993032764497952
v -0.0008548292172614325 0.13458440355664214 0.8101977442932526
v -0.12113610257964369 0.1668136736186796 0.7993032764497952
vt 0.03125 0.90625
vt 0.125 0.90625
vt 0.125 0.84375
vt 0.03125 0.84375
vt 0.125 0.9375
vt 0.1875 0.9375
vt 0.1875 0.875
vt 0.125 0.875
vt 0.03125 0.84375
vt 0.125 0.84375
vt 0.125 0.78125
vt 0.03125 0.78125
vt 0.0625 0.78125
vt 0.125 0.78125
vt 0.125 0.71875
vt 0.0625 0.71875
vt 0.125 0.59375
vt 0.03125 0.59375
vt 0.03125 0.65625
vt 0.125 0.65625
vt 0.125 0.71875
vt 0.03125 0.71875
vt 0.03125 0.65625
vt 0.125 0.65625
vn 0.9622501868990581 -0.2578341604963002 0.08715574274765855
vn -0.08418598282936929 0.02255756611315042 0.9961946980917457
vn -0.9622501868990581 0.2578341604963002 -0.08715574274765855
vn 0.08418598282936929 -0.02255756611315042 -0.9961946980917457
vn 0.25881904510252135 0.9659258262890681 -4.579669976578769e-16
vn -0.25881904510252135 -0.9659258262890681 4.579669976578769e-16
usemtl m_8c55bdb7-840f-f3ef-761e-886c042f5fe4
f 144/428/107 147/427/107 145/426/107 142/425/107
f 143/432/108 144/431/108 142/430/108 141/429/108
f 148/436/109 143/435/109 141/434/109 146/433/109
f 147/440/110 148/439/110 146/438/110 145/437/110
f 146/444/111 141/443/111 142/442/111 145/441/111
f 147/448/112 144/447/112 143/446/112 148/445/112
o cube
v -0.05073920581247637 0.25794897614883133 0.9210243843586317
v 0.50812089919399 0.10820286233037589 1.0230426887379536
v -0.073385872258947 0.17343046634853787 0.9210243843586317
v 0.48547423274751933 0.02368435253008244 1.0230426887379536
v -0.03606272060653071 0.25401642379017086 0.8348537059700634
v 0.5227973843999355 0.10427030997171541 0.9368720103493852
v -0.05870938705300133 0.1694979139898774 0.8348537059700634
v 0.5001507179534649 0.01975180017142195 0.9368720103493852
v 0.6130643856736167 0.11243572051506845 0.904275410807167
v 0.5826630948898722 0.1205817218294366 1.0827718160406299
v 0.5742415289082384 -0.032453153428291776 0.904275410807167
v 0.543840238124494 -0.02430715211392362 1.0827718160406299
vt 0.34375 0.9375
vt 0.34375 1
vt 0 1
vt 0 0.9375
vt 0.34375 0.875
vt 0.34375 0.9375
vt 0 0.9375
vt 0 0.875
vt 0 0.875
vt 0 0.53125
vt 0.0625 0.53125
vt 0.0625 0.875
vt 0.0625 0.53125
vt 0.0625 0.875
vt 0.125 0.875
vt 0.125 0.53125
vt 0.15625 0.875
vt 0.15625 0.9375
vt 0.09375 0.9375
vt 0.09375 0.875
vt 0.28125 0.90625
vt 0.28125 0.96875
vt 0.21875 0.96875
vt 0.21875 0.90625
vt 0.0625 0.8125
vt 0.0625 0.76875
vt 0.09375 0.76875
vt 0.09375 0.8125
vt 0.41874999999999996 0.84375
vt 0.375 0.84375
vt 0.375 0.8125
vt 0.41874999999999996 0.8125
vt 0.59375 0.8625
vt 0.59375 0.90625
vt 0.5625 0.90625
vt 0.5625 0.8625
vt 0.46875 0.8125
vt 0.5125 0.8125
vt 0.5125 0.84375
vt 0.46875 0.84375
vn -0.16773125949652076 0.0449434555275484 0.9848077530122081
vn 0.16773125949652076 -0.0449434555275484 -0.9848077530122081
vn 0.25881904510252146 0.9659258262890682 -3.885780586188047e-16
vn -0.25881904510252146 -0.9659258262890682 3.885780586188047e-16
vn -0.9512512425641976 0.2548870022441795 -0.17364817766693075
vn 0.9512512425641976 -0.2548870022441795 0.17364817766693075
vn -0.3455863582053176 0.09259958559632742 -0.9338069317421961
vn -0.11297839182372704 0.9915022709908196 -0.06449131415137933
vn -0.6332430950835631 0.16967697594022627 0.7551244310474727
vn -0.5935932928934707 -0.8021769586761482 -0.06449131415137863
usemtl m_8c55bdb7-840f-f3ef-761e-886c042f5fe4
f 152/449/113 150/450/113 149/451/113 151/452/113
f 155/453/114 153/454/114 154/455/114 156/456/114
f 149/457/115 150/458/115 154/459/115 153/460/115
f 152/461/116 151/462/116 155/463/116 156/464/116
f 151/465/117 149/466/117 153/467/117 155/468/117
f 159/469/118 157/470/118 158/471/118 160/472/118
f 157/473/119 159/474/119 156/475/119 154/476/119
f 158/477/120 157/478/120 154/479/120 150/480/120
f 160/481/121 158/482/121 150/483/121 152/484/121
f 159/485/122 160/486/122 152/487/122 156/488/122
o cube
v 0.13805868282292943 0.23889683044341303 0.7429857660840219
v -0.34271986280445604 0.10064233040245024 0.34783524630347085
v 0.1652144372419172 0.1695383873864521 0.7342124327009836
v -0.3155641083854683 0.031283887345489314 0.33906191292043253
v 0.09696994242361456 0.21544798191337794 0.8011825607982774
v -0.3838086032037709 0.07719348187241515 0.4060320410177264
v 0.12412569684260233 0.146089538856417 0.7924092274152391
v -0.35665284878478315 0.00783503881545422 0.39725870763468807
v -0.47972290304304166 0.07449434937848443 0.39763528449376584
v -0.3872732371445833 0.12725425857106337 0.2666924963866911
v -0.42993735327489746 -0.05266279622594394 0.3815508399581955
v -0.3374876873764391 0.00009711296663500457 0.2506080518511208
vt 0.34375 0.9375
vt 0.34375 1
vt 0 1
vt 0 0.9375
vt 0.34375 0.875
vt 0.34375 0.9375
vt 0 0.9375
vt 0 0.875
vt 0 0.875
vt 0 0.53125
vt 0.0625 0.53125
vt 0.0625 0.875
vt 0.0625 0.53125
vt 0.0625 0.875
vt 0.125 0.875
vt 0.125 0.53125
vt 0.34375 0.9375
vt 0.34375 1
vt 0.28125 1
vt 0.28125 0.9375
vt 0.34375 0.875
vt 0.34375 0.9375
vt 0.28125 0.9375
vt 0.28125 0.875
vt 0.25 0.9375
vt 0.25 0.9
vt 0.28125 0.9
vt 0.28125 0.9375
vt 0.2875000000000001 1
vt 0.25 1
vt 0.25 0.96875
vt 0.2875000000000001 0.96875
vt 0.28125 0.86875
vt 0.28125 0.90625
vt 0.25 0.90625
vt 0.25 0.86875
vt 0.25 0.9375
vt 0.2875000000000001 0.9375
vt 0.2875000000000001 0.96875
vt 0.25 0.96875
vn 0.5478498719908643 0.3126513137338009 -0.7759572628567387
vn -0.5478498719908643 -0.3126513137338009 0.7759572628567387
vn -0.3620767255865033 0.9247792407594791 0.116977778440511
vn 0.3620767255865033 -0.9247792407594791 -0.116977778440511
vn 0.7541624245135456 0.2168698039858239 0.6198439525969426
vn -0.7541624245135456 -0.2168698039858239 -0.6198439525969426
vn -0.08176402326953741 -0.15651769611036143 0.9842849461934705
vn -0.05609090709819026 0.9391793924428208 0.3388154054225342
vn 0.8577907558998408 0.37967488337257355 -0.3464707809163746
vn 0.6162686929400631 -0.7780925460766667 0.12159312415542484
usemtl m_8c55bdb7-840f-f3ef-761e-886c042f5fe4
f 164/489/123 162/490/123 161/491/123 163/492/123
f 167/493/124 165/494/124 166/495/124 168/496/124
f 161/497/125 162/498/125 166/499/125 165/500/125
f 164/501/126 163/502/126 167/503/126 168/504/126
f 163/505/127 161/506/127 165/507/127 167/508/127
f 171/509/128 169/510/128 170/511/128 172/512/128
f 169/513/129 171/514/129 168/515/129 166/516/129
f 170/517/130 169/518/130 166/519/130 162/520/130
f 172/521/131 170/522/131 162/523/131 164/524/131
f 171/525/132 172/526/132 164/527/132 168/528/132
o cube
v 0.1938962327860485 0.280911292838645 0.7439549640133216
v 0.10400413476390047 0.2535407283713029 0.6820961496542057
v 0.23462986441453015 0.17687362825320374 0.7307949639387641
v 0.14473776639238212 0.14950306378586165 0.6689361495796482
v 0.03499902422618917 0.2114852093607813 0.8009813486506909
v 0.1248911222483371 0.2388557738281234 0.8628401630098068
v 0.07573265585467082 0.1074475447753398 0.7878213485761334
v 0.16562475387681874 0.1348181092426819 0.8496801629352493
vt 0.03125 0.78125
vt 0.125 0.78125
vt 0.125 0.71875
vt 0.03125 0.71875
vt 0.0625 0.90625
vt 0.125 0.90625
vt 0.125 0.84375
vt 0.0625 0.84375
vt 0.03125 0.84375
vt 0.125 0.84375
vt 0.125 0.78125
vt 0.03125 0.78125
vt 0.0625 0.71875
vt 0.125 0.71875
vt 0.125 0.65625
vt 0.0625 0.65625
vt 0.125 0.53125
vt 0.03125 0.53125
vt 0.03125 0.59375
vt 0.125 0.59375
vt 0.125 0.65625
vt 0.03125 0.65625
vt 0.03125 0.59375
vt 0.125 0.59375
vn -0.7990408713079836 -0.24329390637637432 -0.5498561276365865
vn 0.48003555156668787 0.292560132247108 -0.827027471279897
vn 0.7990408713079836 0.24329390637637432 0.5498561276365865
vn -0.48003555156668787 -0.292560132247108 0.827027471279897
vn -0.36207672558650333 0.9247792407594793 0.1169777784405111
vn 0.36207672558650333 -0.9247792407594793 -0.1169777784405111
usemtl m_8c55bdb7-840f-f3ef-761e-886c042f5fe4
f 176/532/133 179/531/133 177/530/133 174/529/133
f 175/536/134 176/535/134 174/534/134 173/533/134
f 180/540/135 175/539/135 173/538/135 178/537/135
f 179/544/136 180/543/136 178/542/136 177/541/136
f 178/548/137 173/547/137 174/546/137 177/545/137
f 179/552/138 176/551/138 175/550/138 180/549/138