# Made in Blockbench 4.9.4
mtllib animal_skull_3.mtl

o cube
v 0.5391751901644204 -0.0920348136338292 0.48112464122920673
v 0.521431926573058 -0.13980065227365918 0.3467086311851604
v 0.5092320256609664 0.04164644364091041 0.4375724787919182
v 0.491488762069604 -0.006119394998919558 0.30315646874787183
v 0.6609046694178393 -0.11717746477767188 0.3202585292784592
v 0.6786479330092017 -0.06941162613784191 0.45467453932250557
v 0.6309615049143851 0.016503792497067682 0.27670636684117067
v 0.6487047685057474 0.06426963113689765 0.411122376885217
vt 0 1
vt 0.0625 1
vt 0.0625 0.9375
vt 0 0.9375
vt 0 0.9375
vt 0.0625 0.9375
vt 0.0625 0.875
vt 0 0.875
vt 0.0625 1
vt 0.125 1
vt 0.125 0.9375
vt 0.0625 0.9375
vt 0.0625 0.9375
vt 0.125 0.9375
vt 0.125 0.875
vt 0.0625 0.875
vt 0.0625 0.8125
vt 0 0.8125
vt 0 0.875
vt 0.0625 0.875
vt 0.1875 1
vt 0.125 1
vt 0.125 0.9375
vt 0.1875 0.9375
vn -0.12343139889643376 -0.33228409488577404 -0.935067895958583
vn -0.9702451676158708 -0.15737869562425977 0.18400070891618267
vn 0.12343139889643376 0.33228409488577404 0.935067895958583
vn 0.9702451676158708 0.15737869562425977 -0.18400070891618267
vn 0.20830027480663735 -0.9299565723460149 0.302971564781137
vn -0.20830027480663735 0.9299565723460149 -0.302971564781137
usemtl m_6c872fb0-fa07-d949-7b3c-b6e8968e4f9c
f 4/4/1 7/3/1 5/2/1 2/1/1
f 3/8/2 4/7/2 2/6/2 1/5/2
f 8/12/3 3/11/3 1/10/3 6/9/3
f 7/16/4 8/15/4 6/14/4 5/13/4
f 6/20/5 1/19/5 2/18/5 5/17/5
f 7/24/6 4/23/6 3/22/6 8/21/6
o cube
v 0.5560521113370334 -0.15525328989350684 0.49906212580902953
v 0.5230961784505579 -0.05460215890600917 0.4113722956203486
v 0.5607714796973411 -0.0641087408897773 0.6019049609954754
v 0.5278155468108654 0.03654239009772042 0.5142151308067944
v 0.6565048889977403 -0.0329625882576734 0.38607219814437344
v 0.6894608218842158 -0.13361371924517107 0.47376202833305436
v 0.661224257358048 0.05818196074605608 0.4889150333308192
v 0.6941801902445235 -0.04246917024144159 0.5766048635195002
vt 0.0625 0.875
vt 0.125 0.875
vt 0.125 0.8125
vt 0.0625 0.8125
vt 0.125 0.9375
vt 0.1875 0.9375
vt 0.1875 0.875
vt 0.125 0.875
vt 0.125 0.875
vt 0.1875 0.875
vt 0.1875 0.8125
vt 0.125 0.8125
vt 0 0.8125
vt 0.0625 0.8125
vt 0.0625 0.75
vt 0 0.75
vt 0.25 0.9375
vt 0.1875 0.9375
vt 0.1875 1
vt 0.25 1
vt 0.125 0.8125
vt 0.0625 0.8125
vt 0.0625 0.75
vt 0.125 0.75
vn -0.2396795119016405 0.7320082253636196 -0.6377442195540431
vn -0.9702451676158708 -0.15737869562425977 0.18400070891618264
vn 0.2396795119016405 -0.7320082253636196 0.6377442195540431
vn 0.9702451676158708 0.15737869562425977 -0.18400070891618264
vn -0.03432267898405596 -0.6628694472998519 -0.7479478922650605
vn 0.03432267898405596 0.6628694472998519 0.7479478922650605
usemtl m_6c872fb0-fa07-d949-7b3c-b6e8968e4f9c
f 12/28/7 15/27/7 13/26/7 10/25/7
f 11/32/8 12/31/8 10/30/8 9/29/8
f 16/36/9 11/35/9 9/34/9 14/33/9
f 15/40/10 16/39/10 14/38/10 13/37/10
f 14/44/11 9/43/11 10/42/11 13/41/11
f 15/48/12 12/47/12 11/46/12 16/45/12
o cube
v 0.5886285122610848 -0.1101795469839616 0.641456916542257
v 0.5616645671721503 -0.02782862163055433 0.5697106918424273
v 0.5924898136467911 -0.035606734162728304 0.7256010544220763
v 0.5655258685578566 0.04674419119067896 0.6538548297222466
v 0.6708171485289354 -0.010123518372825213 0.5490106120893568
v 0.6977810936178699 -0.09247444372623242 0.6207568367891865
v 0.6746784499146417 0.06444929444840819 0.6331547499691761
v 0.7016423950035764 -0.017901630904999077 0.7049009746690058
vt 0.1875 0.9375
vt 0.25 0.9375
vt 0.25 0.875
vt 0.1875 0.875
vt 0.125 0.8125
vt 0.1875 0.8125
vt 0.1875 0.75
vt 0.125 0.75
vt 0.1875 0.875
vt 0.25 0.875
vt 0.25 0.8125
vt 0.1875 0.8125
vt 0.1875 0.8125
vt 0.25 0.8125
vt 0.25 0.75
vt 0.1875 0.75
vt 0.0625 0.6875
vt 0 0.6875
vt 0 0.75
vt 0.0625 0.75
vt 0.3125 1
vt 0.25 1
vt 0.25 0.9375
vt 0.3125 0.9375
vn -0.2396795119016405 0.7320082253636196 -0.6377442195540431
vn -0.9702451676158708 -0.15737869562425977 0.18400070891618264
vn 0.2396795119016405 -0.7320082253636196 0.6377442195540431
vn 0.9702451676158708 0.15737869562425977 -0.18400070891618264
vn -0.03432267898405596 -0.6628694472998519 -0.7479478922650605
vn 0.03432267898405596 0.6628694472998519 0.7479478922650605
usemtl m_6c872fb0-fa07-d949-7b3c-b6e8968e4f9c
f 20/52/13 23/51/13 21/50/13 18/49/13
f 19/56/14 20/55/14 18/54/14 17/53/14
f 24/60/15 19/59/15 17/58/15 22/57/15
f 23/64/16 24/63/16 22/62/16 21/61/16
f 22/68/17 17/67/17 18/66/17 21/65/17
f 23/72/18 20/71/18 19/70/18 24/69/18
o cube
v 0.4617237355771353 -0.010459372369420072 0.05757375680044996
v 0.43992699476317 -0.004959416253087823 -0.05265737570124962
v 0.4453876995512459 0.10050246702301058 0.06634040528258256
v 0.4235909587372806 0.10600242313934283 -0.04389072721911702
v 0.5490795761199552 0.012745687004641404 -0.07335745545432015
v 0.5708763169339206 0.007245730888309154 0.03687367704737943
v 0.5327435400940659 0.12370752639707194 -0.06459080697218755
v 0.5545402809080311 0.1182075702807397 0.04564032552951203
vt 0.0625 0.75
vt 0.125 0.75
vt 0.125 0.6875
vt 0.0625 0.6875
vt 0.25 0.9375
vt 0.3125 0.9375
vt 0.3125 0.875
vt 0.25 0.875
vt 0.125 0.75
vt 0.1875 0.75
vt 0.1875 0.6875
vt 0.125 0.6875
vt 0.25 0.875
vt 0.3125 0.875
vt 0.3125 0.8125
vt 0.25 0.8125
vt 0.25 0.6875
vt 0.1875 0.6875
vt 0.1875 0.75
vt 0.25 0.75
vt 0.3125 0.8125
vt 0.25 0.8125
vt 0.25 0.75
vt 0.3125 0.75
vn -0.19374880723524687 0.048888498811842075 -0.979832288903996
vn -0.9702451676158708 -0.15737869562425977 0.1840007089161827
vn 0.19374880723524687 -0.048888498811842075 0.979832288903996
vn 0.9702451676158708 0.15737869562425977 -0.1840007089161827
vn 0.1452092091190168 -0.9863274612660499 -0.07792576428562337
vn -0.1452092091190168 0.9863274612660499 0.07792576428562337
usemtl m_6c872fb0-fa07-d949-7b3c-b6e8968e4f9c
f 28/76/19 31/75/19 29/74/19 26/73/19
f 27/80/20 28/79/20 26/78/20 25/77/20
f 32/84/21 27/83/21 25/82/21 30/81/21
f 31/88/22 32/87/22 30/86/22 29/85/22
f 30/92/23 25/91/23 26/90/23 29/89/23
f 31/96/24 28/95/24 27/94/24 32/93/24
o cube
v 0.4871268226607094 -0.09312333424630531 0.18875627306477982
v 0.460486361665863 -0.08640116565967704 0.054029333340480434
v 0.4671605564068446 0.04249669167777648 0.19947106565405304
v 0.4405200954119982 0.04921886026440481 0.06474412592975365
v 0.5938950722130454 -0.06476159501134127 0.028729235864505376
v 0.6205355332078919 -0.0714837635979696 0.16345617558880476
v 0.5739288059591805 0.07085843091274047 0.03944402845377848
v 0.600569266954027 0.06413626232611225 0.17417096817807787
vt 0.25 0.75
vt 0.3125 0.75
vt 0.3125 0.6875
vt 0.25 0.6875
vt 0 0.6875
vt 0.0625 0.6875
vt 0.0625 0.625
vt 0 0.625
vt 0.3125 1
vt 0.375 1
vt 0.375 0.9375
vt 0.3125 0.9375
vt 0.0625 0.6875
vt 0.125 0.6875
vt 0.125 0.625
vt 0.0625 0.625
vt 0.375 0.875
vt 0.3125 0.875
vt 0.3125 0.9375
vt 0.375 0.9375
vt 0.1875 0.6875
vt 0.125 0.6875
vt 0.125 0.625
vt 0.1875 0.625
vn -0.19374880723524687 0.048888498811842075 -0.979832288903996
vn -0.9702451676158708 -0.15737869562425977 0.1840007089161827
vn 0.19374880723524687 -0.048888498811842075 0.979832288903996
vn 0.9702451676158708 0.15737869562425977 -0.1840007089161827
vn 0.1452092091190168 -0.9863274612660499 -0.07792576428562337
vn -0.1452092091190168 0.9863274612660499 0.07792576428562337
usemtl m_6c872fb0-fa07-d949-7b3c-b6e8968e4f9c
f 36/100/25 39/99/25 37/98/25 34/97/25
f 35/104/26 36/103/26 34/102/26 33/101/26
f 40/108/27 35/107/27 33/106/27 38/105/27
f 39/112/28 40/111/28 38/110/28 37/109/28
f 38/116/29 33/115/29 34/114/29 37/113/29
f 39/120/30 36/119/30 35/118/30 40/117/30
o cube
v 0.508732143458474 -0.07780757463881405 0.34974930696573747
v 0.4902174336240088 -0.12765018887168011 0.20948912257195007
v 0.47748710223747837 0.061685911213088085 0.30430357224856697
v 0.45897239240301335 0.011843296980222129 0.16404338785477945
v 0.6357542087663894 -0.10404338452804118 0.1818890162345227
v 0.6542689186008543 -0.054200770295175116 0.3221492006283101
v 0.6045091675453937 0.03545010132386106 0.13644328151735208
v 0.6230238773798589 0.08529271555672713 0.2767034659111395
vt 0.3125 0.875
vt 0.375 0.875
vt 0.375 0.8125
vt 0.3125 0.8125
vt 0.1875 0.6875
vt 0.25 0.6875
vt 0.25 0.625
vt 0.1875 0.625
vt 0.3125 0.8125
vt 0.375 0.8125
vt 0.375 0.75
vt 0.3125 0.75
vt 0.25 0.6875
vt 0.3125 0.6875
vt 0.3125 0.625
vt 0.25 0.625
vt 0.375 0.6875
vt 0.3125 0.6875
vt 0.3125 0.75
vt 0.375 0.75
vt 0.375 0.6875
vt 0.3125 0.6875
vt 0.3125 0.625
vt 0.375 0.625
vn -0.12343139889643376 -0.33228409488577404 -0.935067895958583
vn -0.9702451676158708 -0.15737869562425977 0.18400070891618267
vn 0.12343139889643376 0.33228409488577404 0.935067895958583
vn 0.9702451676158708 0.15737869562425977 -0.18400070891618267
vn 0.20830027480663735 -0.9299565723460149 0.302971564781137
vn -0.20830027480663735 0.9299565723460149 -0.302971564781137
usemtl m_6c872fb0-fa07-d949-7b3c-b6e8968e4f9c
f 44/124/31 47/123/31 45/122/31 42/121/31
f 43/128/32 44/127/32 42/126/32 41/125/32
f 48/132/33 43/131/33 41/130/33 46/129/33
f 47/136/34 48/135/34 46/134/34 45/133/34
f 46/140/35 41/139/35 42/138/35 45/137/35
f 47/144/36 44/143/36 43/142/36 48/141/36
o cube
v 0.2625498902416319 -0.026717002607006712 0.14249196970096834
v 0.24495716154089653 0.004979367023545844 0.07683501234604884
v 0.2862389016849871 0.03964484792091194 0.16818118010819472
v 0.26864617298425175 0.0713412175514645 0.10252422275327544
v 0.4288281623831932 -0.034252814483516525 0.008627307624007874
v 0.4464208910839286 -0.06594918411406903 0.07428426497892726
v 0.4525171738265483 0.032109036044402184 0.034316518031234367
v 0.4701099025272837 0.0004126664138496272 0.09997347538615386
vt 0.4375 0.6875
vt 0.53125 0.6875
vt 0.53125 0.65625
vt 0.4375 0.65625
vt 0.46875 0.34375
vt 0.5 0.34375
vt 0.5 0.3125
vt 0.46875 0.3125
vt 0.4375 0.65625
vt 0.53125 0.65625
vt 0.53125 0.625
vt 0.4375 0.625
vt 0.6875 0.96875
vt 0.71875 0.96875
vt 0.71875 0.9375
vt 0.6875 0.9375
vt 0.53125 0.59375
vt 0.4375 0.59375
vt 0.4375 0.625
vt 0.53125 0.625
vt 0.5 0.5625
vt 0.40625 0.5625
vt 0.40625 0.53125
vt 0.5 0.53125
vn -0.23456971600980475 0.4226182617407004 -0.8754260980655926
vn -0.9193550042114824 0.19616090753531157 0.3410385236102044
vn 0.23456971600980475 -0.4226182617407004 0.8754260980655926
vn 0.9193550042114824 -0.19616090753531157 -0.3410385236102044
vn -0.3158534859114028 -0.8848246737055834 -0.34252280542968744
vn 0.3158534859114028 0.8848246737055834 0.34252280542968744
usemtl m_6c872fb0-fa07-d949-7b3c-b6e8968e4f9c
f 52/148/37 55/147/37 53/146/37 50/145/37
f 51/152/38 52/151/38 50/150/38 49/149/38
f 56/156/39 51/155/39 49/154/39 54/153/39
f 55/160/40 56/159/40 54/158/40 53/157/40
f 54/164/41 49/163/41 50/162/41 53/161/41
f 55/168/42 52/167/42 51/166/42 56/165/42
o cube
v 0.25028846540173855 -0.020770120208972065 0.1415089284625377
v 0.23562785815112575 0.005643521149821695 0.08679479733343809
v 0.14360346139014757 0.17032293850610747 0.2623466412427867
v 0.12894285413953477 0.19673657986490123 0.20763251011368722
v 0.2902168768726937 0.03607844733835086 0.08686039394217238
v 0.3048774841233065 0.0096648059795571 0.14157452507127188
v 0.18353187286110284 0.2271715060534304 0.2076981067224215
v 0.19819248011171564 0.20075786469463663 0.262412237851521
vt 0 0.625
vt 0.03125 0.625
vt 0.03125 0.5
vt 0 0.5
vt 0.375 1
vt 0.40625 1
vt 0.40625 0.875
vt 0.375 0.875
vt 0.03125 0.625
vt 0.0625 0.625
vt 0.0625 0.5
vt 0.03125 0.5
vt 0.0625 0.625
vt 0.09375 0.625
vt 0.09375 0.5
vt 0.0625 0.5
vt 0.71875 0.90625
vt 0.6875 0.90625
vt 0.6875 0.9375
vt 0.71875 0.9375
vt 0.125 0.3125
vt 0.09375 0.3125
vt 0.09375 0.28125
vt 0.125 0.28125
vn -0.23456971600980475 0.42261826174070044 -0.8754260980655926
vn -0.8734242995450888 -0.48695881901646604 -0.0010495457397481649
vn 0.23456971600980475 -0.42261826174070044 0.8754260980655926
vn 0.8734242995450888 0.48695881901646604 0.0010495457397481649
vn 0.42674001604636363 -0.7643722348603184 -0.4833508511209964
vn -0.42674001604636363 0.7643722348603184 0.4833508511209964
usemtl m_6c872fb0-fa07-d949-7b3c-b6e8968e4f9c
f 60/172/43 63/171/43 61/170/43 58/169/43
f 59/176/44 60/175/44 58/174/44 57/173/44
f 64/180/45 59/179/45 57/178/45 62/177/45
f 63/184/46 64/183/46 62/182/46 61/181/46
f 62/188/47 57/187/47 58/186/47 61/185/47
f 63/192/48 60/191/48 59/190/48 64/189/48
o cube
v 0.14623120157651193 0.17652000027079695 0.25749483615295043
v 0.1345027157760217 0.19765091335783191 0.2137235312496708
v 0.19360922446322237 0.30924370132663426 0.30887325696740353
v 0.18188073866273213 0.33037461441366933 0.2651019520641238
v 0.18047046598659566 0.18784286798106642 0.1966716050691606
v 0.1921989517870859 0.16671195489403134 0.24044290997244033
v 0.227848488873306 0.3205665690369037 0.2480500258836137
v 0.23957697467379624 0.29943565594986876 0.2918213307868933
vt 0.15625 0.5625
vt 0.1875 0.5625
vt 0.1875 0.46875
vt 0.15625 0.46875
vt 0.1875 0.5625
vt 0.21875 0.5625
vt 0.21875 0.46875
vt 0.1875 0.46875
vt 0.46875 1
vt 0.5 1
vt 0.5 0.90625
vt 0.46875 0.90625
vt 0.375 0.53125
vt 0.40625 0.53125
vt 0.40625 0.4375
vt 0.375 0.4375
vt 0.71875 0.875
vt 0.6875 0.875
vt 0.6875 0.90625
vt 0.71875 0.90625
vt 0.15625 0.3125
vt 0.125 0.3125
vt 0.125 0.28125
vt 0.15625 0.28125
vn -0.23456971600980475 0.4226182617407004 -0.8754260980655926
vn -0.9193550042114824 0.19616090753531157 0.3410385236102044
vn 0.23456971600980475 -0.4226182617407004 0.8754260980655926
vn 0.9193550042114824 -0.19616090753531157 -0.3410385236102044
vn -0.3158534859114028 -0.8848246737055834 -0.34252280542968744
vn 0.3158534859114028 0.8848246737055834 0.34252280542968744
usemtl m_6c872fb0-fa07-d949-7b3c-b6e8968e4f9c
f 68/196/49 71/195/49 69/194/49 66/193/49
f 67/200/50 68/199/50 66/198/50 65/197/50
f 72/204/51 67/203/51 65/202/51 70/201/51
f 71/208/52 72/207/52 70/206/52 69/205/52
f 70/212/53 65/211/53 66/210/53 69/209/53
f 71/216/54 68/215/54 67/214/54 72/213/54
o cube
v 0.30278100213923387 -0.0501742432278236 0.33456933822193624
v 0.2851882734384985 -0.018477873597271044 0.26891238086701685
v 0.326470013582589 0.016187607300095053 0.36025854862916273
v 0.3088772848818536 0.04788397693064761 0.29460159127424335
v 0.4690592742807951 -0.05771005510433341 0.2007046761449759
v 0.48665200298153044 -0.08940642473488591 0.2663616334998953
v 0.4927482857241503 0.008651795423585296 0.22639388655220238
v 0.5103410144248857 -0.02304457420696726 0.29205084390712177
vt 0.4375 0.59375
vt 0.53125 0.59375
vt 0.53125 0.5625
vt 0.4375 0.5625
vt 0.28125 0.3125
vt 0.3125 0.3125
vt 0.3125 0.28125
vt 0.28125 0.28125
vt 0.46875 0.90625
vt 0.5625 0.90625
vt 0.5625 0.875
vt 0.46875 0.875
vt 0.3125 0.3125
vt 0.34375 0.3125
vt 0.34375 0.28125
vt 0.3125 0.28125
vt 0.5 0.5
vt 0.40625 0.5
vt 0.40625 0.53125
vt 0.5 0.53125
vt 0.09375 0.5
vt 0 0.5
vt 0 0.46875
vt 0.09375 0.46875
vn -0.23456971600980475 0.4226182617407004 -0.8754260980655926
vn -0.9193550042114824 0.19616090753531157 0.3410385236102044
vn 0.23456971600980475 -0.4226182617407004 0.8754260980655926
vn 0.9193550042114824 -0.19616090753531157 -0.3410385236102044
vn -0.3158534859114028 -0.8848246737055834 -0.34252280542968744
vn 0.3158534859114028 0.8848246737055834 0.34252280542968744
usemtl m_6c872fb0-fa07-d949-7b3c-b6e8968e4f9c
f 76/220/55 79/219/55 77/218/55 74/217/55
f 75/224/56 76/223/56 74/222/56 73/221/56
f 80/228/57 75/227/57 73/226/57 78/225/57
f 79/232/58 80/231/58 78/230/58 77/229/58
f 78/236/59 73/235/59 74/234/59 77/233/59
f 79/240/60 76/239/60 75/238/60 80/237/60
o cube
v 0.2905195772993403 -0.04422736082978901 0.3335862969835056
v 0.2758589700487275 -0.01781371947099525 0.2788721658544061
v 0.18383457328774955 0.14686569788529047 0.45442400976375474
v 0.16917396603713675 0.17327933924408434 0.39970987863465524
v 0.3304479887702956 0.012621206717533862 0.2789377624631404
v 0.3451085960209084 -0.013792434641259899 0.3336518935922399
v 0.2237629847587047 0.2037142654326134 0.3997754752433894
v 0.2384235920093175 0.17730062407381963 0.45448960637248903
vt 0.21875 0.625
vt 0.25 0.625
vt 0.25 0.5
vt 0.21875 0.5
vt 0.375 0.78125
vt 0.40625 0.78125
vt 0.40625 0.65625
vt 0.375 0.65625
vt 0.25 0.625
vt 0.28125 0.625
vt 0.28125 0.5
vt 0.25 0.5
vt 0.28125 0.625
vt 0.3125 0.625
vt 0.3125 0.5
vt 0.28125 0.5
vt 0.71875 0.5625
vt 0.6875 0.5625
vt 0.6875 0.59375
vt 0.71875 0.59375
vt 0.71875 0.5625
vt 0.6875 0.5625
vt 0.6875 0.53125
vt 0.71875 0.53125
vn -0.23456971600980475 0.42261826174070044 -0.8754260980655926
vn -0.8734242995450888 -0.48695881901646604 -0.0010495457397481649
vn 0.23456971600980475 -0.42261826174070044 0.8754260980655926
vn 0.8734242995450888 0.48695881901646604 0.0010495457397481649
vn 0.42674001604636363 -0.7643722348603184 -0.4833508511209964
vn -0.42674001604636363 0.7643722348603184 0.4833508511209964
usemtl m_6c872fb0-fa07-d949-7b3c-b6e8968e4f9c
f 84/244/61 87/243/61 85/242/61 82/241/61
f 83/248/62 84/247/62 82/246/62 81/245/62
f 88/252/63 83/251/63 81/250/63 86/249/63
f 87/256/64 88/255/64 86/254/64 85/253/64
f 86/260/65 81/259/65 82/258/65 85/257/65
f 87/264/66 84/263/66 83/262/66 88/261/66
o cube
v 0.18843639776106014 0.1585929138606399 0.4517129722078539
v 0.17670791196056979 0.17972382694767486 0.40794166730457426
v 0.23581442064777047 0.2913166149164773 0.5030913930223071
v 0.22408593484728023 0.3124475280035124 0.45932008811902736
v 0.22267566217114376 0.16991578157090936 0.39088974112406405
v 0.234404147971634 0.1487848684838743 0.4346610460273437
v 0.2700536850578541 0.3026394826267468 0.44226816193851715
v 0.28178217085834434 0.2815085695397117 0.4860394668417969
vt 0.5 1
vt 0.53125 1
vt 0.53125 0.90625
vt 0.5 0.90625
vt 0.5 0.875
vt 0.53125 0.875
vt 0.53125 0.78125
vt 0.5 0.78125
vt 0.21875 0.5
vt 0.25 0.5
vt 0.25 0.40625
vt 0.21875 0.40625
vt 0.25 0.5
vt 0.28125 0.5
vt 0.28125 0.40625
vt 0.25 0.40625
vt 0.5 0.28125
vt 0.46875 0.28125
vt 0.46875 0.3125
vt 0.5 0.3125
vt 0.71875 0.53125
vt 0.6875 0.53125
vt 0.6875 0.5
vt 0.71875 0.5
vn -0.23456971600980475 0.4226182617407004 -0.8754260980655926
vn -0.9193550042114824 0.19616090753531157 0.3410385236102044
vn 0.23456971600980475 -0.4226182617407004 0.8754260980655926
vn 0.9193550042114824 -0.19616090753531157 -0.3410385236102044
vn -0.3158534859114028 -0.8848246737055834 -0.34252280542968744
vn 0.3158534859114028 0.8848246737055834 0.34252280542968744
usemtl m_6c872fb0-fa07-d949-7b3c-b6e8968e4f9c
f 92/268/67 95/267/67 93/266/67 90/265/67
f 91/272/68 92/271/68 90/270/68 89/269/68
f 96/276/69 91/275/69 89/274/69 94/273/69
f 95/280/70 96/279/70 94/278/70 93/277/70
f 94/284/71 89/283/71 90/282/71 93/281/71
f 95/288/72 92/287/72 91/286/72 96/285/72
o cube
v 0.27025700231511673 0.2708371921184609 0.4768365615573873
v 0.26146063796474905 0.2866853769337372 0.44400808287992755
v 0.2542542517133781 0.2995011509257228 0.49496221847442456
v 0.24545788736301044 0.3153493357409991 0.4621337397969649
v 0.3815564791521988 0.3536422145485013 0.44415239541914286
v 0.3903528435025665 0.33779402973322514 0.4769808740966026
v 0.3655537285504602 0.3823061733557632 0.46227805233618025
v 0.3743500929008279 0.36645798854048706 0.49510653101364
vt 0.28125 0.5
vt 0.375 0.5
vt 0.375 0.46875
vt 0.28125 0.46875
vt 0.5 0.3125
vt 0.53125 0.3125
vt 0.53125 0.28125
vt 0.5 0.28125
vt 0.40625 0.5
vt 0.5 0.5
vt 0.5 0.46875
vt 0.40625 0.46875
vt 0.6875 0.5
vt 0.71875 0.5
vt 0.71875 0.46875
vt 0.6875 0.46875
vt 0.59375 0.53125
vt 0.5 0.53125
vt 0.5 0.5625
vt 0.59375 0.5625
vt 0.59375 0.53125
vt 0.5 0.53125
vt 0.5 0.5
vt 0.59375 0.5
vn -0.23456971600980475 0.42261826174070044 -0.8754260980655926
vn -0.8734242995450888 -0.48695881901646604 -0.0010495457397481649
vn 0.23456971600980475 -0.42261826174070044 0.8754260980655926
vn 0.8734242995450888 0.48695881901646604 0.0010495457397481649
vn 0.42674001604636363 -0.7643722348603184 -0.4833508511209964
vn -0.42674001604636363 0.7643722348603184 0.4833508511209964
usemtl m_6c872fb0-fa07-d949-7b3c-b6e8968e4f9c
f 100/292/73 103/291/73 101/290/73 98/289/73
f 99/296/74 100/295/74 98/294/74 97/293/74
f 104/300/75 99/299/75 97/298/75 102/297/75
f 103/304/76 104/303/76 102/302/76 101/301/76
f 102/308/77 97/307/77 98/306/77 101/305/77
f 103/312/78 100/311/78 99/310/78 104/309/78
o cube
v 0.41952868296658674 -0.052828348106491396 0.5161870176863101
v 0.4019359542658514 -0.02113197847593884 0.45053006033139087
v 0.44321769440994196 0.013533502421427368 0.5418762280935367
v 0.4256249657092066 0.045229872051979814 0.47621927073861725
v 0.5283472673449303 -0.04810410326204423 0.4036372633349876
v 0.5459399960456657 -0.07980047289259673 0.469294220689907
v 0.5520362787882855 0.01825774726587448 0.4293264737422142
v 0.5696290074890209 -0.013438622364678021 0.4949834310971335
vt 0.625 0.59375
vt 0.6875 0.59375
vt 0.6875 0.5625
vt 0.625 0.5625
vt 0.53125 0.3125
vt 0.5625 0.3125
vt 0.5625 0.28125
vt 0.53125 0.28125
vt 0.625 0.5
vt 0.6875 0.5
vt 0.6875 0.46875
vt 0.625 0.46875
vt 0.6875 0.46875
vt 0.71875 0.46875
vt 0.71875 0.4375
vt 0.6875 0.4375
vt 0.6875 0.4375
vt 0.625 0.4375
vt 0.625 0.46875
vt 0.6875 0.46875
vt 0.6875 0.4375
vt 0.625 0.4375
vt 0.625 0.40625
vt 0.6875 0.40625
vn -0.23456971600980475 0.4226182617407004 -0.8754260980655926
vn -0.9193550042114824 0.19616090753531157 0.3410385236102044
vn 0.23456971600980475 -0.4226182617407004 0.8754260980655926
vn 0.9193550042114824 -0.19616090753531157 -0.3410385236102044
vn -0.3158534859114028 -0.8848246737055834 -0.34252280542968744
vn 0.3158534859114028 0.8848246737055834 0.34252280542968744
usemtl m_6c872fb0-fa07-d949-7b3c-b6e8968e4f9c
f 108/316/79 111/315/79 109/314/79 106/313/79
f 107/320/80 108/319/80 106/318/80 105/317/80
f 112/324/81 107/323/81 105/322/81 110/321/81
f 111/328/82 112/327/82 110/326/82 109/325/82
f 110/332/83 105/331/83 106/330/83 109/329/83
f 111/336/84 108/335/84 107/334/84 112/333/84
o cube
v 0.4158629515019162 -0.037136301277175765 0.5176053157534328
v 0.4012023442513034 -0.010722659918382005 0.4628911846243331
v 0.33584919849322303 0.10618349275913386 0.6082336003386195
v 0.32118859124261023 0.13259713411792762 0.55351946920952
v 0.4557913629728714 0.019712266270147105 0.4629567812330674
v 0.4704519702234842 -0.006701375088646655 0.517670912362167
v 0.3757776099641783 0.16303206030645678 0.5535850658182542
v 0.3904382172147911 0.1366184189476629 0.6082991969473537
vt 0.5 0.5
vt 0.53125 0.5
vt 0.53125 0.40625
vt 0.5 0.40625
vt 0 0.46875
vt 0.03125 0.46875
vt 0.03125 0.375
vt 0 0.375
vt 0.53125 1
vt 0.5625 1
vt 0.5625 0.90625
vt 0.53125 0.90625
vt 0.03125 0.46875
vt 0.0625 0.46875
vt 0.0625 0.375
vt 0.03125 0.375
vt 0.59375 0.28125
vt 0.5625 0.28125
vt 0.5625 0.3125
vt 0.59375 0.3125
vt 0.71875 0.4375
vt 0.6875 0.4375
vt 0.6875 0.40625
vt 0.71875 0.40625
vn -0.23456971600980475 0.42261826174070044 -0.8754260980655926
vn -0.8734242995450888 -0.48695881901646604 -0.0010495457397481649
vn 0.23456971600980475 -0.42261826174070044 0.8754260980655926
vn 0.8734242995450888 0.48695881901646604 0.0010495457397481649
vn 0.42674001604636363 -0.7643722348603184 -0.4833508511209964
vn -0.42674001604636363 0.7643722348603184 0.4833508511209964
usemtl m_6c872fb0-fa07-d949-7b3c-b6e8968e4f9c
f 116/340/85 119/339/85 117/338/85 114/337/85
f 115/344/86 116/343/86 114/342/86 113/341/86
f 120/348/87 115/347/87 113/346/87 118/345/87
f 119/352/88 120/351/88 118/350/88 117/349/88
f 118/356/89 113/355/89 114/354/89 117/353/89
f 119/360/90 116/359/90 115/358/90 120/357/90
o cube
v 0.3450532918536312 0.11172383266915153 0.6013026295155406
v 0.33332480605314097 0.1328547457561866 0.5575313246122611
v 0.38058680901866393 0.21126660846102963 0.6398364451263805
v 0.3688583232181737 0.2323975215480647 0.5960651402231008
v 0.37929255626371483 0.123046700379421 0.5404793984317509
v 0.39102104206420507 0.10191578729238604 0.5842507033350306
v 0.41482607342874767 0.2225894761712991 0.5790132140425905
v 0.4265545592292379 0.20145856308426402 0.6227845189458703
vt 0.625 0.40625
vt 0.65625 0.40625
vt 0.65625 0.34375
vt 0.625 0.34375
vt 0 0.34375
vt 0.03125 0.34375
vt 0.03125 0.28125
vt 0 0.28125
vt 0.03125 0.34375
vt 0.0625 0.34375
vt 0.0625 0.28125
vt 0.03125 0.28125
vt 0.0625 0.34375
vt 0.09375 0.34375
vt 0.09375 0.28125
vt 0.0625 0.28125
vt 0.625 0.28125
vt 0.59375 0.28125
vt 0.59375 0.3125
vt 0.625 0.3125
vt 0.65625 0.3125
vt 0.625 0.3125
vt 0.625 0.28125
vt 0.65625 0.28125
vn -0.23456971600980475 0.4226182617407004 -0.8754260980655926
vn -0.9193550042114824 0.19616090753531157 0.3410385236102044
vn 0.23456971600980475 -0.4226182617407004 0.8754260980655926
vn 0.9193550042114824 -0.19616090753531157 -0.3410385236102044
vn -0.3158534859114028 -0.8848246737055834 -0.34252280542968744
vn 0.3158534859114028 0.8848246737055834 0.34252280542968744
usemtl m_6c872fb0-fa07-d949-7b3c-b6e8968e4f9c
f 124/364/91 127/363/91 125/362/91 122/361/91
f 123/368/92 124/367/92 122/366/92 121/365/92
f 128/372/93 123/371/93 121/370/93 126/369/93
f 127/376/94 128/375/94 126/374/94 125/373/94
f 126/380/95 121/379/95 122/378/95 125/377/95
f 127/384/96 124/383/96 123/382/96 128/381/96
o cube
v 0.41285451808158424 0.1914317820792354 0.6144755525877219
v 0.40405815373121656 0.20727996689451178 0.5816470739102622
v 0.39685176747984563 0.22009574088649742 0.6326012095047595
v 0.38805540312947795 0.2359439257017737 0.5997727308272995
v 0.5241539949186664 0.2742368045092759 0.5817913864494777
v 0.5329503592690341 0.2583886196939995 0.6146198651269374
v 0.5081512443169278 0.3029007633165378 0.5999170433665149
v 0.5169476086672955 0.28705257850126153 0.6327455220439746
vt 0.53125 0.875
vt 0.625 0.875
vt 0.625 0.84375
vt 0.53125 0.84375
vt 0.65625 0.3125
vt 0.6875 0.3125
vt 0.6875 0.28125
vt 0.65625 0.28125
vt 0.53125 0.84375
vt 0.625 0.84375
vt 0.625 0.8125
vt 0.53125 0.8125
vt 0.6875 0.34375
vt 0.71875 0.34375
vt 0.71875 0.3125
vt 0.6875 0.3125
vt 0.625 0.78125
vt 0.53125 0.78125
vt 0.53125 0.8125
vt 0.625 0.8125
vt 0.625 0.78125
vt 0.53125 0.78125
vt 0.53125 0.75
vt 0.625 0.75
vn -0.23456971600980475 0.42261826174070044 -0.8754260980655926
vn -0.8734242995450888 -0.48695881901646604 -0.0010495457397481649
vn 0.23456971600980475 -0.42261826174070044 0.8754260980655926
vn 0.8734242995450888 0.48695881901646604 0.0010495457397481649
vn 0.42674001604636363 -0.7643722348603184 -0.4833508511209964
vn -0.42674001604636363 0.7643722348603184 0.4833508511209964
usemtl m_6c872fb0-fa07-d949-7b3c-b6e8968e4f9c
f 132/388/97 135/387/97 133/386/97 130/385/97
f 131/392/98 132/391/98 130/390/98 129/389/98
f 136/396/99 131/395/99 129/394/99 134/393/99
f 135/400/100 136/399/100 134/398/100 133/397/100
f 134/404/101 129/403/101 130/402/101 133/401/101
f 135/408/102 132/407/102 131/406/102 136/405/102
o cube
v 0.48360426170039483 -0.0373851564610011 0.7135153642867895
v 0.46894365444978203 -0.010971515102207341 0.65880123315769
v 0.5033451045698576 0.017916385645597832 0.7349230396261448
v 0.4886844973192447 0.04433002700439159 0.6802089084970455
v 0.5838630299762173 -0.035491628544121245 0.6161714177064144
v 0.5985236372268301 -0.061905269902915006 0.6708855488355139
v 0.6036038728456798 0.019809913562477632 0.6375790930457699
v 0.6182644800962929 -0.006603727796316128 0.6922932241748694
vt 0.65625 1
vt 0.71875 1
vt 0.71875 0.96875
vt 0.65625 0.96875
vt 0.6875 0.3125
vt 0.71875 0.3125
vt 0.71875 0.28125
vt 0.6875 0.28125
vt 0.09375 0.34375
vt 0.15625 0.34375
vt 0.15625 0.3125
vt 0.09375 0.3125
vt 0 0.28125
vt 0.03125 0.28125
vt 0.03125 0.25
vt 0 0.25
vt 0.71875 0.8125
vt 0.65625 0.8125
vt 0.65625 0.84375
vt 0.71875 0.84375
vt 0.71875 0.8125
vt 0.65625 0.8125
vt 0.65625 0.78125
vt 0.71875 0.78125
vn -0.23456971600980475 0.4226182617407004 -0.8754260980655926
vn -0.9193550042114824 0.19616090753531157 0.3410385236102044
vn 0.23456971600980475 -0.4226182617407004 0.8754260980655926
vn 0.9193550042114824 -0.19616090753531157 -0.3410385236102044
vn -0.3158534859114028 -0.8848246737055834 -0.34252280542968744
vn 0.3158534859114028 0.8848246737055834 0.34252280542968744
usemtl m_6c872fb0-fa07-d949-7b3c-b6e8968e4f9c
f 140/412/103 143/411/103 141/410/103 138/409/103
f 139/416/104 140/415/104 138/414/104 137/413/104
f 144/420/105 139/419/105 137/418/105 142/417/105
f 143/424/106 144/423/106 142/422/106 141/421/106
f 142/428/107 137/427/107 138/426/107 141/425/107
f 143/432/108 140/431/108 139/430/108 144/429/108
o cube
v 0.48666699495004306 -0.034909972487876084 0.706750239813736
v 0.4749385091495528 -0.01377905940084112 0.6629789349104565
v 0.4226559925430886 0.07974586274117157 0.7792528674818855
v 0.41092750674259837 0.10087677582820664 0.7354815625786058
v 0.5186097241268071 0.010568881549982145 0.6630314121974439
v 0.5303382099272973 -0.01056203153705293 0.7068027171007234
v 0.4545987217198526 0.1252247167790299 0.7355340398655932
v 0.46632720752034285 0.10409380369199484 0.7793053447688729
vt 0.0625 0.46875
vt 0.09375 0.46875
vt 0.09375 0.375
vt 0.0625 0.375
vt 0.15625 0.46875
vt 0.1875 0.46875
vt 0.1875 0.375
vt 0.15625 0.375
vt 0.1875 0.46875
vt 0.21875 0.46875
vt 0.21875 0.375
vt 0.1875 0.375
vt 0.53125 0.75
vt 0.5625 0.75
vt 0.5625 0.65625
vt 0.53125 0.65625
vt 0.75 0.96875
vt 0.71875 0.96875
vt 0.71875 1
vt 0.75 1
vt 0.0625 0.28125
vt 0.03125 0.28125
vt 0.03125 0.25
vt 0.0625 0.25
vn -0.23456971600980475 0.42261826174070044 -0.8754260980655926
vn -0.8734242995450888 -0.48695881901646604 -0.0010495457397481649
vn 0.23456971600980475 -0.42261826174070044 0.8754260980655926
vn 0.8734242995450888 0.48695881901646604 0.0010495457397481649
vn 0.42674001604636363 -0.7643722348603184 -0.4833508511209964
vn -0.42674001604636363 0.7643722348603184 0.4833508511209964
usemtl m_6c872fb0-fa07-d949-7b3c-b6e8968e4f9c
f 148/436/109 151/435/109 149/434/109 146/433/109
f 147/440/110 148/439/110 146/438/110 145/437/110
f 152/444/111 147/443/111 145/442/111 150/441/111
f 151/448/112 152/447/112 150/446/112 149/445/112
f 150/452/113 145/451/113 146/450/113 149/449/113
f 151/456/114 148/455/114 147/454/114 152/453/114
o cube
v 0.4557092530017799 0.0845668805494042 0.7655842736628324
v 0.4469128886514122 0.10041506536468048 0.7327557949853727
v 0.4283904514246639 0.10406076020161747 0.7823151354605757
v 0.41959408707429624 0.11990894501689375 0.749486656783116
v 0.5515031698168404 0.22105569529692215 0.7629710476781533
v 0.5602995341672083 0.20520751048164587 0.7957995263556132
v 0.5241843682397245 0.24054957494913531 0.7797019094758966
v 0.5329807325900922 0.22470139013385904 0.8125303881533563
vt 0.28125 0.46875
vt 0.375 0.46875
vt 0.375 0.4375
vt 0.28125 0.4375
vt 0.71875 0.96875
vt 0.75 0.96875
vt 0.75 0.9375
vt 0.71875 0.9375
vt 0.53125 0.65625
vt 0.625 0.65625
vt 0.625 0.625
vt 0.53125 0.625
vt 0.0625 0.28125
vt 0.09375 0.28125
vt 0.09375 0.25
vt 0.0625 0.25
vt 0.625 0.59375
vt 0.53125 0.59375
vt 0.53125 0.625
vt 0.625 0.625
vt 0.5 0.46875
vt 0.40625 0.46875
vt 0.40625 0.4375
vt 0.5 0.4375
vn -0.23456971600980475 0.42261826174070044 -0.8754260980655926
vn -0.6436324994795588 -0.7424038765061022 -0.18594001657095827
vn 0.23456971600980475 -0.42261826174070044 0.8754260980655926
vn 0.6436324994795588 0.7424038765061022 0.18594001657095827
vn 0.7285013753897625 -0.5198367907256867 -0.4461563146064878
vn -0.7285013753897625 0.5198367907256867 0.4461563146064878
usemtl m_6c872fb0-fa07-d949-7b3c-b6e8968e4f9c
f 156/460/115 159/459/115 157/458/115 154/457/115
f 155/464/116 156/463/116 154/462/116 153/461/116
f 160/468/117 155/467/117 153/466/117 158/465/117
f 159/472/118 160/471/118 158/470/118 157/469/118
f 158/476/119 153/475/119 154/474/119 157/473/119
f 159/480/120 156/479/120 155/478/120 160/477/120
o cube
v 0.5697432308683443 -0.04224307821170087 0.052684437199542855
v 0.552150502167609 -0.010546708581148367 -0.012972520155376532
v 0.5377377296648671 0.015084839402822903 0.08893575103361762
v 0.5201450009641317 0.04678120903337546 0.023278793678698118
v 0.7268353620766268 0.08684505522214492 -0.012762611007426927
v 0.7444280907773622 0.05514868559159236 0.05289434634749246
v 0.6948298608731496 0.14417297283666874 0.023488702826647834
v 0.7124225895738849 0.11247660320611619 0.08914566018156722
vt 0.53125 0.59375
vt 0.625 0.59375
vt 0.625 0.5625
vt 0.53125 0.5625
vt 0.71875 0.9375
vt 0.75 0.9375
vt 0.75 0.90625
vt 0.71875 0.90625
vt 0.53125 0.5
vt 0.625 0.5
vt 0.625 0.46875
vt 0.53125 0.46875
vt 0.09375 0.28125
vt 0.125 0.28125
vt 0.125 0.25
vt 0.09375 0.25
vt 0.625 0.4375
vt 0.53125 0.4375
vt 0.53125 0.46875
vt 0.625 0.46875
vt 0.65625 1
vt 0.5625 1
vt 0.5625 0.96875
vt 0.65625 0.96875
vn -0.23456971600980475 0.42261826174070044 -0.8754260980655926
vn -0.8734242995450888 -0.48695881901646604 -0.0010495457397481649
vn 0.23456971600980475 -0.42261826174070044 0.8754260980655926
vn 0.8734242995450888 0.48695881901646604 0.0010495457397481649
vn 0.42674001604636363 -0.7643722348603184 -0.4833508511209964
vn -0.42674001604636363 0.7643722348603184 0.4833508511209964
usemtl m_6c872fb0-fa07-d949-7b3c-b6e8968e4f9c
f 164/484/121 167/483/121 165/482/121 162/481/121
f 163/488/122 164/487/122 162/486/122 161/485/122
f 168/492/123 163/491/123 161/490/123 166/489/123
f 167/496/124 168/495/124 166/494/124 165/493/124
f 166/500/125 161/499/125 162/498/125 165/497/125
f 167/504/126 164/503/126 163/502/126 168/501/126
o cube
v 0.6964667786245564 0.0711779146005237 0.0663443866169765
v 0.6818061713739434 0.09759155595931746 0.011630255487876995
v 0.775430150102407 0.29238408302691943 0.1519750879743983
v 0.7607695428517942 0.3187977243857132 0.09726095684529878
v 0.739265859137161 0.08533149923836048 -0.009684652237760827
v 0.753926466387774 0.058917857879566715 0.04502947889133879
v 0.8182292306150118 0.3065376676647562 0.07594604911966107
v 0.8328898378656246 0.28012402630596245 0.13066018024876058
vt 0.3125 0.625
vt 0.34375 0.625
vt 0.34375 0.5
vt 0.3125 0.5
vt 0.34375 0.625
vt 0.375 0.625
vt 0.375 0.5
vt 0.34375 0.5
vt 0.375 0.65625
vt 0.40625 0.65625
vt 0.40625 0.53125
vt 0.375 0.53125
vt 0.40625 1
vt 0.4375 1
vt 0.4375 0.875
vt 0.40625 0.875
vt 0.75 0.875
vt 0.71875 0.875
vt 0.71875 0.90625
vt 0.75 0.90625
vt 0.15625 0.28125
vt 0.125 0.28125
vt 0.125 0.25
vt 0.15625 0.25
vn -0.23456971600980475 0.4226182617407004 -0.8754260980655926
vn -0.9193550042114824 0.19616090753531157 0.3410385236102044
vn 0.23456971600980475 -0.4226182617407004 0.8754260980655926
vn 0.9193550042114824 -0.19616090753531157 -0.3410385236102044
vn -0.3158534859114028 -0.8848246737055834 -0.34252280542968744
vn 0.3158534859114028 0.8848246737055834 0.34252280542968744
usemtl m_6c872fb0-fa07-d949-7b3c-b6e8968e4f9c
f 172/508/127 175/507/127 173/506/127 170/505/127
f 171/512/128 172/511/128 170/510/128 169/509/128
f 176/516/129 171/515/129 169/514/129 174/513/129
f 175/520/130 176/519/130 174/518/130 173/517/130
f 174/524/131 169/523/131 170/522/131 173/521/131
f 175/528/132 172/527/132 171/526/132 176/525/132
o cube
v 0.784566198890496 0.25505869366688727 0.12436860971974328
v 0.7728377130900057 0.27618960675392235 0.08059730481646366
v 0.7205551964835413 0.36971452889593515 0.1968712373878927
v 0.708826710683051 0.3908454419829701 0.15309993248461307
v 0.8165089280672597 0.3005375477047456 0.08064978210345097
v 0.8282374138677502 0.27940663461771054 0.12442108700673071
v 0.7524979256603053 0.41519338293379326 0.1531524097716005
v 0.7642264114607955 0.3940624698467583 0.19692371467488012
vt 0.5625 0.96875
vt 0.59375 0.96875
vt 0.59375 0.875
vt 0.5625 0.875
vt 0.09375 0.4375
vt 0.125 0.4375
vt 0.125 0.34375
vt 0.09375 0.34375
vt 0.125 0.4375
vt 0.15625 0.4375
vt 0.15625 0.34375
vt 0.125 0.34375
vt 0.5625 0.75
vt 0.59375 0.75
vt 0.59375 0.65625
vt 0.5625 0.65625
vt 0.75 0.84375
vt 0.71875 0.84375
vt 0.71875 0.875
vt 0.75 0.875
vt 0.1875 0.28125
vt 0.15625 0.28125
vt 0.15625 0.25
vt 0.1875 0.25
vn -0.23456971600980475 0.42261826174070044 -0.8754260980655926
vn -0.8734242995450888 -0.48695881901646604 -0.0010495457397481649
vn 0.23456971600980475 -0.42261826174070044 0.8754260980655926
vn 0.8734242995450888 0.48695881901646604 0.0010495457397481649
vn 0.42674001604636363 -0.7643722348603184 -0.4833508511209964
vn -0.42674001604636363 0.7643722348603184 0.4833508511209964
usemtl m_6c872fb0-fa07-d949-7b3c-b6e8968e4f9c
f 180/532/133 183/531/133 181/530/133 178/529/133
f 179/536/134 180/535/134 178/534/134 177/533/134
f 184/540/135 179/539/135 177/538/135 182/537/135
f 183/544/136 184/543/136 182/542/136 181/541/136
f 182/548/137 177/547/137 178/546/137 181/545/137
f 183/552/138 180/551/138 179/550/138 184/549/138
o cube
v 0.5961634093367176 0.45193264959186075 0.26275392647441376
v 0.58736704498635 0.467780834407137 0.22992544779695412
v 0.6202996280672011 0.4797727949608396 0.26972667709582465
v 0.6115032637168334 0.49562097977611574 0.236898198418365
v 0.7330673200643023 0.36381347626199956 0.14069418487565644
v 0.7418636844146702 0.3479652914467234 0.17352266355311619
v 0.7572035387947857 0.3916536216309785 0.14766693549706733
v 0.7659999031451536 0.3758054368157022 0.18049541417452708
vt 0.09375 0.59375
vt 0.21875 0.59375
vt 0.21875 0.5625
vt 0.09375 0.5625
vt 0.71875 0.84375
vt 0.75 0.84375
vt 0.75 0.8125
vt 0.71875 0.8125
vt 0.40625 0.78125
vt 0.53125 0.78125
vt 0.53125 0.75
vt 0.40625 0.75
vt 0.1875 0.28125
vt 0.21875 0.28125
vt 0.21875 0.25
vt 0.1875 0.25
vt 0.53125 0.71875
vt 0.40625 0.71875
vt 0.40625 0.75
vt 0.53125 0.75
vt 0.53125 0.71875
vt 0.40625 0.71875
vt 0.40625 0.6875
vt 0.53125 0.6875
vn -0.2345697160098047 0.42261826174070044 -0.8754260980655926
vn -0.7285013753897623 0.5198367907256868 0.4461563146064878
vn 0.2345697160098047 -0.42261826174070044 0.8754260980655926
vn 0.7285013753897623 -0.5198367907256868 -0.4461563146064878
vn -0.6436324994795589 -0.7424038765061022 -0.18594001657095818
vn 0.6436324994795589 0.7424038765061022 0.18594001657095818
usemtl m_6c872fb0-fa07-d949-7b3c-b6e8968e4f9c
f 188/556/139 191/555/139 189/554/139 186/553/139
f 187/560/140 188/559/140 186/558/140 185/557/140
f 192/564/141 187/563/141 185/562/141 190/561/141
f 191/568/142 192/567/142 190/566/142 189/565/142
f 190/572/143 185/571/143 186/570/143 189/569/143
f 191/576/144 188/575/144 187/574/144 192/573/144
o cube
v 0.6099743427659463 -0.06570031883251781 0.24476180572051076
v 0.592381614065211 -0.03400394920196531 0.17910484836559148
v 0.5779688415624689 -0.008372401217993986 0.2810131195545855
v 0.5603761128617337 0.02332396841255857 0.21535616219966613
v 0.7670664739742288 0.06338781460132792 0.1793147575135411
v 0.7846592026749641 0.03169144497077547 0.24497171486846048
v 0.7350609727707516 0.12071573221585175 0.21556607134761574
v 0.7526537014714869 0.0890193625852993 0.28122302870253524
vt 0.28125 0.4375
vt 0.375 0.4375
vt 0.375 0.40625
vt 0.28125 0.40625
vt 0.71875 0.8125
vt 0.75 0.8125
vt 0.75 0.78125
vt 0.71875 0.78125
vt 0.375 0.4375
vt 0.46875 0.4375
vt 0.46875 0.40625
vt 0.375 0.40625
vt 0.21875 0.28125
vt 0.25 0.28125
vt 0.25 0.25
vt 0.21875 0.25
vt 0.625 0.40625
vt 0.53125 0.40625
vt 0.53125 0.4375
vt 0.625 0.4375
vt 0.6875 0.96875
vt 0.59375 0.96875
vt 0.59375 0.9375
vt 0.6875 0.9375
vn -0.23456971600980475 0.42261826174070044 -0.8754260980655926
vn -0.8734242995450888 -0.48695881901646604 -0.0010495457397481649
vn 0.23456971600980475 -0.42261826174070044 0.8754260980655926
vn 0.8734242995450888 0.48695881901646604 0.0010495457397481649
vn 0.42674001604636363 -0.7643722348603184 -0.4833508511209964
vn -0.42674001604636363 0.7643722348603184 0.4833508511209964
usemtl m_6c872fb0-fa07-d949-7b3c-b6e8968e4f9c
f 196/580/145 199/579/145 197/578/145 194/577/145
f 195/584/146 196/583/146 194/582/146 193/581/146
f 200/588/147 195/587/147 193/586/147 198/585/147
f 199/592/148 200/591/148 198/590/148 197/589/148
f 198/596/149 193/595/149 194/594/149 197/593/149
f 199/600/150 196/599/150 195/598/150 200/597/150
o cube
v 0.7366978905221582 0.047720673979706696 0.2584217551379444
v 0.7220372832715451 0.07413431533850057 0.2037076240088449
v 0.8156612620000088 0.26892684240610243 0.3440524564953663
v 0.801000654749396 0.2953404837648963 0.2893383253662667
v 0.7794969710347628 0.06187425861754359 0.1823927162832072
v 0.7941575782853758 0.035460617258749716 0.2371068474123067
v 0.8584603425126136 0.2830804270439393 0.268023417640629
v 0.8731209497632264 0.25666678568514545 0.3227375487697285
vt 0.40625 0.6875
vt 0.4375 0.6875
