# Made in Blockbench 4.9.4
mtllib animal_skull_4.mtl

o cube
v 0.5204636069260302 0.16675951449393067 0.4043458360813861
v 0.43673730195915383 0.15044374046642428 0.3129746077079154
v 0.5369977726700101 -0.019136397013658712 0.4223897117158797
v 0.45327146770313376 -0.03545217104116516 0.331018483342409
v 0.3445776348578883 0.15044374046642428 0.39742338365987284
v 0.4283039398247648 0.16675951449393067 0.4887946120333436
v 0.3611118006018682 -0.03545217104116516 0.41546725929436645
v 0.4448381055687447 -0.019136397013658712 0.5068384876678373
vt 0 1
vt 0.125 1
vt 0.125 0.84375
vt 0 0.84375
vt 0.125 1
vt 0.25 1
vt 0.25 0.84375
vt 0.125 0.84375
vt 0 0.84375
vt 0.125 0.84375
vt 0.125 0.6875
vt 0 0.6875
vt 0.125 0.84375
vt 0.25 0.84375
vt 0.25 0.6875
vt 0.125 0.6875
vt 0.375 0.5625
vt 0.25 0.5625
vt 0.25 0.6875
vt 0.375 0.6875
vt 0.5 1
vt 0.375 1
vt 0.375 0.875
vt 0.5 0.875
vn -0.669810439735012 -0.1305261922200516 -0.7309698269877657
vn 0.7372773368101241 -1.3877787807814457e-17 -0.6755902076156601
vn 0.669810439735012 0.1305261922200516 0.7309698269877657
vn -0.7372773368101241 1.3877787807814457e-17 0.6755902076156601
vn -0.0881822173012262 0.9914448613738105 -0.09623400338396598
vn 0.0881822173012262 -0.9914448613738105 0.09623400338396598
usemtl m_15d2e605-b72a-3f08-0611-2682a17cf03b
f 4/4/1 7/3/1 5/2/1 2/1/1
f 3/8/2 4/7/2 2/6/2 1/5/2
f 8/12/3 3/11/3 1/10/3 6/9/3
f 7/16/4 8/15/4 6/14/4 5/13/4
f 6/20/5 1/19/5 2/18/5 5/17/5
f 7/24/6 4/23/6 3/22/6 8/21/6
o cube
v 0.6262442878806596 0.26119879429343373 0.4735293414272488
v 0.5038874073449171 0.21267022333671104 0.34000023753427566
v 0.6699581909845842 0.019717337721166683 0.5212346954994802
v 0.5476013104488417 -0.02881123323555601 0.3877055916065071
v 0.3656479066930187 0.21267022333671104 0.4666734014622119
v 0.48800478722876117 0.26119879429343373 0.6002025053551849
v 0.4093618097969435 -0.02881123323555601 0.5143787555344435
v 0.5317186903326858 0.019717337721166683 0.6479078594274164
vt 0.25 1
vt 0.375 1
vt 0.375 0.84375
vt 0.25 0.84375
vt 0.25 0.84375
vt 0.375 0.84375
vt 0.375 0.6875
vt 0.25 0.6875
vt 0 0.6875
vt 0.125 0.6875
vt 0.125 0.53125
vt 0 0.53125
vt 0.125 0.6875
vt 0.25 0.6875
vt 0.25 0.53125
vt 0.125 0.53125
vt 0.5 0.75
vt 0.375 0.75
vt 0.375 0.875
vt 0.5 0.875
vt 0.5 0.75
vt 0.375 0.75
vt 0.375 0.625
vt 0.5 0.625
vn -0.6525700295239597 -0.25881904510252074 -0.7121552207625229
vn 0.7372773368101242 0 -0.6755902076156601
vn 0.6525700295239597 0.25881904510252074 0.7121552207625229
vn -0.7372773368101242 0 0.6755902076156601
vn -0.17485561241569889 0.9659258262890683 -0.1908214162889259
vn 0.17485561241569889 -0.9659258262890683 0.1908214162889259
usemtl m_15d2e605-b72a-3f08-0611-2682a17cf03b
f 12/28/7 15/27/7 13/26/7 10/25/7
f 11/32/8 12/31/8 10/30/8 9/29/8
f 16/36/9 11/35/9 9/34/9 14/33/9
f 15/40/10 16/39/10 14/38/10 13/37/10
f 14/44/11 9/43/11 10/42/11 13/41/11
f 15/48/12 12/47/12 11/46/12 16/45/12
o cube
v 0.4386578802294073 0.11093750000000002 0.35901360957859163
v 0.3520978848786509 0.11093750000000002 0.2645499507997944
v 0.4386578802294073 -0.017187500000000022 0.35901360957859163
v 0.3520978848786509 -0.017187500000000022 0.2645499507997944
v 0.3037140596504865 0.11093750000000002 0.3088855581745722
v 0.3902740550012429 0.11093750000000002 0.40334921695336934
v 0.3037140596504865 -0.017187500000000022 0.3088855581745722
v 0.3902740550012429 -0.017187500000000022 0.40334921695336934
vt 0.40625 0.53125
vt 0.46875 0.53125
vt 0.46875 0.4375
vt 0.40625 0.4375
vt 0.375 0.625
vt 0.46875 0.625
vt 0.46875 0.53125
vt 0.375 0.53125
vt 0.5 1
vt 0.5625 1
vt 0.5625 0.90625
vt 0.5 0.90625
vt 0.25 0.5625
vt 0.34375 0.5625
vt 0.34375 0.46875
vt 0.25 0.46875
vt 0.5625 0.8125
vt 0.5 0.8125
vt 0.5 0.90625
vt 0.5625 0.90625
vt 0.5625 0.8125
vt 0.5 0.8125
vt 0.5 0.71875
vt 0.5625 0.71875
vn -0.6755902076156601 0 -0.7372773368101242
vn 0.7372773368101242 0 -0.6755902076156601
vn 0.6755902076156601 0 0.7372773368101242
vn -0.7372773368101242 0 0.6755902076156601
vn 0 1 0
vn 0 -1 0
usemtl m_15d2e605-b72a-3f08-0611-2682a17cf03b
f 20/52/13 23/51/13 21/50/13 18/49/13
f 19/56/14 20/55/14 18/54/14 17/53/14
f 24/60/15 19/59/15 17/58/15 22/57/15
f 23/64/16 24/63/16 22/62/16 21/61/16
f 22/68/17 17/67/17 18/66/17 21/65/17
f 23/72/18 20/71/18 19/70/18 24/69/18
o cube
v 0.35333374793951833 0.11209736171523943 0.26821145121571766
v 0.23252340429653673 0.0557150243081882 0.13637009618103169
v 0.3660308662844136 0.05249005229347514 0.2820679244045845
v 0.24522052264143201 -0.003892285113576033 0.15022656936989853
v 0.1864435707459039 0.0557150243081882 0.1785944841570105
v 0.3072539143888856 0.11209736171523943 0.3104358391916965
v 0.19914068909079918 -0.003892285113576033 0.19245095734587736
v 0.3199510327337809 0.05249005229347514 0.32429231238056333
vt 0.5 0.71875
vt 0.5625 0.71875
vt 0.5625 0.65625
vt 0.5 0.65625
vt 0 0.53125
vt 0.125 0.53125
vt 0.125 0.46875
vt 0 0.46875
vt 0.46875 0.5
vt 0.53125 0.5
vt 0.53125 0.4375
vt 0.46875 0.4375
vt 0.125 0.53125
vt 0.25 0.53125
vt 0.25 0.46875
vt 0.125 0.46875
vt 0.40625 0.40625
vt 0.34375 0.40625
vt 0.34375 0.53125
vt 0.40625 0.53125
vt 0.53125 0.625
vt 0.46875 0.625
vt 0.46875 0.5
vt 0.53125 0.5
vn -0.6443218327625689 -0.3007057995042731 -0.7031538935183251
vn 0.7372773368101242 2.7755575615628914e-17 -0.6755902076156601
vn 0.6443218327625689 0.3007057995042731 0.7031538935183251
vn -0.7372773368101242 -2.7755575615628914e-17 0.6755902076156601
vn -0.2031538935183249 0.953716950748227 -0.2217035710218696
vn 0.2031538935183249 -0.953716950748227 0.2217035710218696
usemtl m_15d2e605-b72a-3f08-0611-2682a17cf03b
f 28/76/19 31/75/19 29/74/19 26/73/19
f 27/80/20 28/79/20 26/78/20 25/77/20
f 32/84/21 27/83/21 25/82/21 30/81/21
f 31/88/22 32/87/22 30/86/22 29/85/22
f 30/92/23 25/91/23 26/90/23 29/89/23
f 31/96/24 28/95/24 27/94/24 32/93/24