# Made in Blockbench 4.12.4
mtllib beam_bones_2.mtl

o cube
v 0.186875 0.9991249999999999 0.186875
v 0.186875 0.9991249999999999 -0.188125
v 0.186875 -0.001187500000000008 0.186875
v 0.186875 -0.001187500000000008 -0.188125
v -0.188125 0.9991249999999999 -0.188125
v -0.188125 0.9991249999999999 0.186875
v -0.188125 -0.001187500000000008 -0.188125
v -0.188125 -0.001187500000000008 0.186875
vt 0.8125 0.49312500000000004
vt 1 0.49312500000000004
vt 1 0.004687499999999956
vt 0.8125 0.004687499999999956
vt 0.78125 0.49312500000000004
vt 0.96875 0.49312500000000004
vt 0.96875 0.004687499999999956
vt 0.78125 0.004687499999999956
vt 0.75 0.49312500000000004
vt 0.9375 0.49312500000000004
vt 0.9375 0.004687499999999956
vt 0.75 0.004687499999999956
vt 0.78125 0.49312500000000004
vt 0.96875 0.49312500000000004
vt 0.96875 0.004687499999999956
vt 0.78125 0.004687499999999956
vt 0.8125 0.1875
vt 1 0.1875
vt 1 0
vt 0.8125 0
vt 0.78125 0.31265624999999997
vt 0.96875 0.31265624999999997
vt 0.96875 0.12515624999999997
vt 0.78125 0.12515624999999997
vn 0 0 -1
vn 1 0 0
vn 0 0 1
vn -1 0 0
vn 0 1 0
vn 0 -1 0
usemtl m_b9ab1dac-2ee1-3473-4bc7-4d49dd8be8d6
f 4/4/1 7/3/1 5/2/1 2/1/1
f 3/8/2 4/7/2 2/6/2 1/5/2
f 8/12/3 3/11/3 1/10/3 6/9/3
f 7/16/4 8/15/4 6/14/4 5/13/4
f 6/20/5 1/19/5 2/18/5 5/17/5
f 7/24/6 4/23/6 3/22/6 8/21/6
o cube
v -0.10642790770293054 0.5404570927441186 0.27188332440158347
v 0.05213651477797099 0.619053493026674 0.2931669398351121
v 0.10197832098897874 0.5622133871869803 0.13174185125915128
v -0.056586101491923224 0.48361698690442495 0.11045823582562261
v -0.04203706381249528 0.39090820197338516 0.34442304450251054
v 0.007804742398512143 0.3340680961336915 0.18299795592654966
v 0.11652735866840636 0.4695046022559405 0.3657066599360392
v 0.1663691648794141 0.4126644964162469 0.20428157136007835
vt 0 0.96875
vt 0.03125 0.96875
vt 0.03125 1
vt 0 1
vt 0 0.9375
vt 0.03125 0.9375
vt 0.03125 0.96875
vt 0 0.96875
vt 0.03125 0.96875
vt 0.0625 0.96875
vt 0.0625 1
vt 0.03125 1
vt 0.03125 0.9375
vt 0.0625 0.9375
vt 0.0625 0.96875
vt 0.03125 0.96875
vt 0.03125 0.9375
vt 0 0.9375
vt 0 0.90625
vt 0.03125 0.90625
vt 0.09375 0.96875
vt 0.0625 0.96875
vt 0.0625 1
vt 0.09375 1
vn -0.3612389559070703 0.8389839594431042 -0.40695495147785266
vn -0.8895619774524655 -0.44093352192176993 -0.11940317213760827
vn 0.3612389559070703 -0.8389839594431043 0.4069549514778524
vn 0.8895619774524652 0.44093352192177027 0.11940317213760943
vn 0.27961742614870944 -0.3188785741357279 -0.905610595096555
vn -0.27961742614870944 0.31887857413572807 0.905610595096555
usemtl m_b9ab1dac-2ee1-3473-4bc7-4d49dd8be8d6
f 9/25/7 10/26/7 11/27/7 12/28/7
f 13/29/8 9/30/8 12/31/8 14/32/8
f 15/33/9 13/34/9 14/35/9 16/36/9
f 10/37/10 15/38/10 16/39/10 11/40/10
f 16/41/11 14/42/11 12/43/11 11/44/11
f 10/45/12 9/46/12 13/47/12 15/48/12
o cube
v 0.004818668665561798 0.30484874580993915 0.34559906905983284
v 0.15648898582120752 0.3800279112976012 0.365957309909295
v 0.11783044303604362 0.49137985194414857 0.24276432153749114
v -0.033839874119601876 0.41620068645648656 0.2224060806880288
v 0.07243436184128571 0.1998769001044045 0.22949876912249476
v 0.0337758190561217 0.31122884075095203 0.1063057807506908
v 0.2241046789969311 0.2750560655920665 0.249857009971957
v 0.1854461362117672 0.38640800623861404 0.12666402160015316
vt 0.03125 0.90625
vt 0.0625 0.90625
vt 0.0625 0.9375
vt 0.03125 0.9375
vt 0.0625 0.9375
vt 0.09375 0.9375
vt 0.09375 0.96875
vt 0.0625 0.96875
vt 0.0625 0.90625
vt 0.09375 0.90625
vt 0.09375 0.9375
vt 0.0625 0.9375
vt 0 0.875
vt 0.03125 0.875
vt 0.03125 0.90625
vt 0 0.90625
vt 0.125 1
vt 0.09375 1
vt 0.09375 0.96875
vt 0.125 0.96875
vt 0.0625 0.875
vt 0.03125 0.875
vt 0.03125 0.90625
vt 0.0625 0.90625
vn -0.3965729805027778 0.6156706492993225 0.6809401755855606
vn -0.8895619774524652 -0.4409335219217701 -0.11940317213760984
vn 0.3965729805027779 -0.6156706492993224 -0.6809401755855607
vn 0.8895619774524657 0.44093352192176977 0.11940317213760829
vn -0.22673632132060953 0.6530905609768177 -0.7225395212422523
vn 0.2267363213206099 -0.6530905609768173 0.7225395212422526
usemtl m_b9ab1dac-2ee1-3473-4bc7-4d49dd8be8d6
f 17/49/13 18/50/13 19/51/13 20/52/13
f 21/53/14 17/54/14 20/55/14 22/56/14
f 23/57/15 21/58/15 22/59/15 24/60/15
f 18/61/16 23/62/16 24/63/16 19/64/16
f 24/65/17 22/66/17 20/67/17 19/68/17
f 18/69/18 17/70/18 21/71/18 23/72/18
o cube
v 0.09480148482430018 0.1513910929284491 0.3717234292098326
v 0.21889538067891856 0.21290131923653588 0.3883801717230291
v 0.18726566385469368 0.30400745249280203 0.28758590850973476
v 0.06317176800007518 0.24249722618471514 0.27092916599653843
v 0.15012341560443765 0.06550503735119373 0.2767322747156469
v 0.11849369878021265 0.15661117060745988 0.17593801150235266
v 0.27421731145905637 0.12701526365928062 0.29338901722884325
v 0.24258759463483115 0.21812139691554666 0.19259475401554904
vt 0.09375 0.9375
vt 0.125 0.9375
vt 0.125 0.96875
vt 0.09375 0.96875
vt 0.0625 0.875
vt 0.09375 0.875
vt 0.09375 0.90625
vt 0.0625 0.90625
vt 0.09375 0.90625
vt 0.125 0.90625
vt 0.125 0.9375
vt 0.09375 0.9375
vt 0.09375 0.875
vt 0.125 0.875
vt 0.125 0.90625
vt 0.09375 0.90625
vt 0.03125 0.875
vt 0 0.875
vt 0 0.84375
vt 0.03125 0.84375
vt 0.15625 0.96875
vt 0.125 0.96875
vt 0.125 1
vt 0.15625 1
vn -0.3965729805027789 0.6156706492993226 0.6809401755855601
vn -0.8895619774524656 -0.4409335219217699 -0.11940317213760783
vn 0.3965729805027786 -0.615670649299322 -0.6809401755855607
vn 0.8895619774524645 0.44093352192177204 0.11940317213760888
vn -0.22673632132060995 0.6530905609768186 -0.7225395212422511
vn 0.22673632132060945 -0.6530905609768184 0.7225395212422514
usemtl m_b9ab1dac-2ee1-3473-4bc7-4d49dd8be8d6
f 25/73/19 26/74/19 27/75/19 28/76/19
f 29/77/20 25/78/20 28/79/20 30/80/20
f 31/81/21 29/82/21 30/83/21 32/84/21
f 26/85/22 31/86/22 32/87/22 27/88/22
f 32/89/23 30/90/23 28/91/23 27/92/23
f 26/93/24 25/94/24 29/95/24 31/96/24
o cube
v -0.29913217311223916 0.9449598690780814 0.3760560476406774
v -0.17503827725762044 1.006470095386168 0.3927127901538737
v -0.15828535210807226 1.010161247711317 0.254271593635474
v -0.28237924796269076 0.9486510214032302 0.2376148511222776
v -0.23764807345585126 0.8198074921368482 0.3801594651679218
v -0.22089514830630286 0.8234986444619972 0.241718268649522
v -0.11355417760123265 0.8813177184449351 0.3968162076811181
v -0.09680125245168414 0.885008870770084 0.2583750111627184
vt 0.03125 0.84375
vt 0.0625 0.84375
vt 0.0625 0.875
vt 0.03125 0.875
vt 0.125 0.9375
vt 0.15625 0.9375
vt 0.15625 0.96875
vt 0.125 0.96875
vt 0.0625 0.84375
vt 0.09375 0.84375
vt 0.09375 0.875
vt 0.0625 0.875
vt 0.125 0.90625
vt 0.15625 0.90625
vt 0.15625 0.9375
vt 0.125 0.9375
vt 0.125 0.875
vt 0.09375 0.875
vt 0.09375 0.84375
vt 0.125 0.84375
vt 0.15625 0.875
vt 0.125 0.875
vt 0.125 0.90625
vt 0.15625 0.90625
vn -0.4407462340959701 0.89714965549271 -0.02941517940676997
vn -0.889561977452465 -0.44093352192177093 -0.11940317213760927
vn 0.44074623409597025 -0.89714965549271 0.02941517940677016
vn 0.8895619774524652 0.44093352192177016 0.11940317213760943
vn 0.12009265340178034 0.026459873298558693 -0.992410010884586
vn -0.12009265340177945 -0.026459873298558336 0.9924100108845862
usemtl m_b9ab1dac-2ee1-3473-4bc7-4d49dd8be8d6
f 33/97/25 34/98/25 35/99/25 36/100/25
f 37/101/26 33/102/26 36/103/26 38/104/26
f 39/105/27 37/106/27 38/107/27 40/108/27
f 34/109/28 39/110/28 40/111/28 35/112/28
f 40/113/29 38/114/29 36/115/29 35/116/29
f 34/117/30 33/118/30 37/119/30 39/120/30
o cube
v -0.24399053959545436 0.8146135346915714 0.31677929532494453
v -0.09232022243980886 0.8897927001792334 0.33713753617440667
v -0.07184442503480526 0.8943041085766374 0.1679316293185849
v -0.22351474219045087 0.8191249430889757 0.1475733884691226
v -0.16884330668209147 0.6616495184300644 0.32179458341379874
v -0.14836750927708808 0.6661609268274686 0.15258867655797687
v -0.01717298952644597 0.7368286839177264 0.34215282426326105
v 0.0033028078785577453 0.7413400923151305 0.17294691740743912
vt 0.125 0.84375
vt 0.15625 0.84375
vt 0.15625 0.875
vt 0.125 0.875
vt 0 0.8125
vt 0.03125 0.8125
vt 0.03125 0.84375
vt 0 0.84375
vt 0.15625 0.96875
vt 0.1875 0.96875
vt 0.1875 1
vt 0.15625 1
vt 0.03125 0.8125
vt 0.0625 0.8125
vt 0.0625 0.84375
vt 0.03125 0.84375
vt 0.1875 0.96875
vt 0.15625 0.96875
vt 0.15625 0.9375
vt 0.1875 0.9375
vt 0.09375 0.8125
vt 0.0625 0.8125
vt 0.0625 0.84375
vt 0.09375 0.84375
vn -0.44074623409597 0.8971496554927099 -0.029415179406770874
vn -0.8895619774524655 -0.44093352192177004 -0.1194031721376084
vn 0.4407462340959702 -0.8971496554927099 0.029415179406769777
vn 0.8895619774524651 0.4409335219217707 0.11940317213760954
vn 0.12009265340177991 0.026459873298558336 -0.9924100108845861
vn -0.12009265340177963 -0.02645987329855853 0.9924100108845862
usemtl m_b9ab1dac-2ee1-3473-4bc7-4d49dd8be8d6
f 41/121/31 42/122/31 43/123/31 44/124/31
f 45/125/32 41/126/32 44/127/32 46/128/32
f 47/129/33 45/130/33 46/131/33 48/132/33
f 42/133/34 47/134/34 48/135/34 43/136/34
f 48/137/35 46/138/35 44/139/35 43/140/35
f 42/141/36 41/142/36 45/143/36 47/144/36
o cube
v -0.19002066753814584 0.6979907958734898 0.28045973136948876
v -0.02456213973198762 0.7800044309509389 0.30266872138708395
v 0.027446701531672724 0.7206930161616936 0.1342251506991247
v -0.13801182627448594 0.6386793810842443 0.11201616068152953
v -0.12283022173943081 0.5419397794170722 0.35615335234436907
v -0.0708213804757708 0.4826283646278269 0.18770978165640995
v 0.04262830606672763 0.6239534144945216 0.37836234236196437
v 0.09463714733038742 0.5646419997052761 0.20991877167400513
vt 0.15625 0.90625
vt 0.1875 0.90625
vt 0.1875 0.9375
vt 0.15625 0.9375
vt 0.09375 0.8125
vt 0.125 0.8125
vt 0.125 0.84375
vt 0.09375 0.84375
vt 0.15625 0.875
vt 0.1875 0.875
vt 0.1875 0.90625
vt 0.15625 0.90625
vt 0.125 0.8125
vt 0.15625 0.8125
vt 0.15625 0.84375
vt 0.125 0.84375
vt 0.1875 0.875
vt 0.15625 0.875
vt 0.15625 0.84375
vt 0.1875 0.84375
vt 0.1875 0.8125
vt 0.15625 0.8125
vt 0.15625 0.84375
vt 0.1875 0.84375
vn -0.3612389559070706 0.8389839594431043 -0.4069549514778521
vn -0.8895619774524661 -0.44093352192176927 -0.1194031721376079
vn 0.3612389559070712 -0.8389839594431044 0.40695495147785166
vn 0.8895619774524656 0.4409335219217704 0.11940317213760734
vn 0.2796174261487099 -0.31887857413572795 -0.9056105950965548
vn -0.27961742614870966 0.3188785741357273 0.9056105950965552
usemtl m_b9ab1dac-2ee1-3473-4bc7-4d49dd8be8d6
f 49/145/37 50/146/37 51/147/37 52/148/37
f 53/149/38 49/150/38 52/151/38 54/152/38
f 55/153/39 53/154/39 54/155/39 56/156/39
f 50/157/40 55/158/40 56/159/40 51/160/40
f 56/161/41 54/162/41 52/163/41 51/164/41
f 50/165/42 49/166/42 53/167/42 55/168/42
o cube
v -0.4377272120194312 0.7169749634625905 0.3528580711918355
v -0.23938636570557426 0.8529059853437775 0.29213191559279145
v -0.2760044149312675 0.8688124508514944 0.20813725608424583
v -0.4743452612451246 0.7328814289703074 0.2688634116832899
v -0.39558389992222764 0.6408328456892758 0.32006601199342083
v -0.43220194914792087 0.6567393111969925 0.23607135248487526
v -0.1972430536083707 0.7767638675704625 0.2593398563943768
v -0.2338611028340638 0.7926703330781795 0.17534519688583122
vt 0.21875 0.828125
vt 0.265625 0.828125
vt 0.265625 0.84375
vt 0.21875 0.84375
vt 0.234375 0.65625
vt 0.25 0.65625
vt 0.25 0.671875
vt 0.234375 0.671875
vt 0.21875 0.8125
vt 0.265625 0.8125
vt 0.265625 0.828125
vt 0.21875 0.828125
vt 0.34375 0.96875
vt 0.359375 0.96875
vt 0.359375 0.984375
vt 0.34375 0.984375
vt 0.265625 0.8125
vt 0.21875 0.8125
vt 0.21875 0.796875
vt 0.265625 0.796875
vt 0.25 0.765625
vt 0.203125 0.765625
vt 0.203125 0.78125
vt 0.25 0.78125
vn -0.4531538935183198 0.8187324491754288 0.352602787079727
vn -0.7997614770720034 -0.5481089591983346 0.24486353064130678
vn 0.4531538935183195 -0.8187324491754295 -0.3526027870797258
vn 0.7997614770720048 0.5481089591983329 -0.2448635306413054
vn -0.3937424647924006 0.1710372635238375 -0.903168381812319
vn 0.3937424647924014 -0.17103726352383833 0.9031683818123184
usemtl m_b9ab1dac-2ee1-3473-4bc7-4d49dd8be8d6
f 57/169/43 58/170/43 59/171/43 60/172/43
f 61/173/44 57/174/44 60/175/44 62/176/44
f 63/177/45 61/178/45 62/179/45 64/180/45
f 58/181/46 63/182/46 64/183/46 59/184/46
f 64/185/47 62/186/47 60/187/47 59/188/47
f 58/189/48 57/190/48 61/191/48 63/192/48
o cube
v -0.5713235932524799 0.5604474928359346 0.5226366471624995
v -0.5059186516259273 0.581111314193818 0.5587122635497039
v -0.4169180245951202 0.738750397126795 0.3070601069522029
v -0.4823229662216727 0.7180865757689117 0.2709844905649985
v -0.5362041665048102 0.49699572802483893 0.4953099311638207
v -0.44720353947400293 0.6546348109578158 0.24365777456631968
v -0.47079922487825754 0.5176595493827223 0.5313855475510251
v -0.3817985978474504 0.6752986323156993 0.27973339095352406
vt 0 0.75
vt 0.015625 0.75
vt 0.015625 0.8125
vt 0 0.8125
vt 0.1875 0.9375
vt 0.203125 0.9375
vt 0.203125 1
vt 0.1875 1
vt 0.015625 0.75
vt 0.03125 0.75
vt 0.03125 0.8125
vt 0.015625 0.8125
vt 0.03125 0.75
vt 0.046875 0.75
vt 0.046875 0.8125
vt 0.03125 0.8125
vt 0.359375 0.96875
vt 0.34375 0.96875
vt 0.34375 0.953125
vt 0.359375 0.953125
vt 0.0625 0.640625
vt 0.046875 0.640625
vt 0.046875 0.65625
vt 0.0625 0.65625
vn -0.4531538935183189 0.8187324491754291 0.3526027870797276
vn -0.8439347306651952 -0.2666299530049465 -0.4654918243510239
vn 0.45315389351831914 -0.8187324491754293 -0.35260278707972686
vn 0.8439347306651955 0.2666299530049466 0.46549182435102365
vn 0.28709879687357237 0.5085131707515385 -0.8117811503145194
vn -0.28709879687357237 -0.5085131707515388 0.811781150314519
usemtl m_b9ab1dac-2ee1-3473-4bc7-4d49dd8be8d6
f 65/193/49 66/194/49 67/195/49 68/196/49
f 69/197/50 65/198/50 68/199/50 70/200/50
f 71/201/51 69/202/51 70/203/51 72/204/51
f 66/205/52 71/206/52 72/207/52 67/208/52
f 72/209/53 70/210/53 68/211/53 67/212/53
f 66/213/54 65/214/54 69/215/54 71/216/54
o cube
v -0.4894733558890485 0.5232431973731793 0.6922357538116025
v -0.4398881443105846 0.5572259528434758 0.6770542149118415
v -0.513124242761971 0.5890388838589096 0.5090648958947503
v -0.5627094543404351 0.5550561283886128 0.5242464347945113
v -0.4613778144909127 0.4724817855243025 0.6703743810126593
v -0.5346139129422993 0.5042947165397362 0.5023850619955683
v -0.4117926029124488 0.5064645409945991 0.6551928421128985
v -0.4850287013638352 0.5382774720100327 0.4872035230958072
vt 0.078125 0.734375
vt 0.09375 0.734375
vt 0.09375 0.78125
vt 0.078125 0.78125
vt 0.09375 0.734375
vt 0.109375 0.734375
vt 0.109375 0.78125
vt 0.09375 0.78125
vt 0.234375 0.953125
vt 0.25 0.953125
vt 0.25 1
vt 0.234375 1
vt 0.1875 0.71875
vt 0.203125 0.71875
vt 0.203125 0.765625
vt 0.1875 0.765625
vt 0.359375 0.953125
vt 0.34375 0.953125
vt 0.34375 0.9375
vt 0.359375 0.9375
vt 0.078125 0.640625
vt 0.0625 0.640625
vt 0.0625 0.65625
vt 0.078125 0.65625
vn -0.45315389351831803 0.8187324491754298 0.35260278707972703
vn -0.7997614770720041 -0.5481089591983335 0.2448635306413072
vn 0.4531538935183206 -0.8187324491754278 -0.3526027870797283
vn 0.7997614770720038 0.548108959198334 -0.24486353064130642
vn -0.3937424647924004 0.17103726352383644 -0.9031683818123193
vn 0.3937424647924026 -0.1710372635238366 0.9031683818123182
usemtl m_b9ab1dac-2ee1-3473-4bc7-4d49dd8be8d6
f 73/217/55 74/218/55 75/219/55 76/220/55
f 77/221/56 73/222/56 76/223/56 78/224/56
f 79/225/57 77/226/57 78/227/57 80/228/57
f 74/229/58 79/230/58 80/231/58 75/232/58
f 80/233/59 78/234/59 76/235/59 75/236/59
f 74/237/60 73/238/60 77/239/60 79/240/60
o cube
v -0.327896008644743 0.49811749055091037 0.3428075330977297
v -0.12955516233088582 0.6340485124320974 0.28208137749868567
v -0.16617321155657905 0.6499549779398142 0.19808671799014005
v -0.36451405787043606 0.5140239560586273 0.25881287358918414
v -0.2857526965475392 0.4219753727775955 0.31001547389931505
v -0.32237074577323244 0.4378818382853124 0.2260208143907695
v -0.08741185023368214 0.5579063946587826 0.24928931830027098
v -0.12402989945937548 0.5738128601664994 0.16529465879172545
vt 0.21875 0.78125
vt 0.265625 0.78125
vt 0.265625 0.796875
vt 0.21875 0.796875
vt 0.140625 0.640625
vt 0.15625 0.640625
vt 0.15625 0.65625
vt 0.140625 0.65625
vt 0.234375 0.9375
vt 0.28125 0.9375
vt 0.28125 0.953125
vt 0.234375 0.953125
vt 0.15625 0.640625
vt 0.171875 0.640625
vt 0.171875 0.65625
vt 0.15625 0.65625
vt 0.25 0.765625
vt 0.203125 0.765625
vt 0.203125 0.75
vt 0.25 0.75
vt 0.046875 0.734375
vt 0 0.734375
vt 0 0.75
vt 0.046875 0.75
vn -0.45315389351831936 0.8187324491754292 0.35260278707972664
vn -0.799761477072004 -0.5481089591983341 0.24486353064130537
vn 0.45315389351831936 -0.818732449175429 -0.3526027870797271
vn 0.7997614770720031 0.5481089591983347 -0.24486353064130725
vn -0.3937424647924011 0.1710372635238381 -0.9031683818123186
vn 0.39374246479240066 -0.171037263523838 0.903168381812319
usemtl m_b9ab1dac-2ee1-3473-4bc7-4d49dd8be8d6
f 81/241/61 82/242/61 83/243/61 84/244/61
f 85/245/62 81/246/62 84/247/62 86/248/62
f 87/249/63 85/250/63 86/251/63 88/252/63
f 82/253/64 87/254/64 88/255/64 83/256/64
f 88/257/65 86/258/65 84/259/65 83/260/65
f 82/261/66 81/262/66 85/263/66 87/264/66
o cube
v -0.4614923898777914 0.3415900199242545 0.5125861090683937
v -0.39608744825123887 0.3622538412821379 0.548661725455598
v -0.30708682122043174 0.5198929242151148 0.297009568858097
v -0.3724917628469845 0.4992291028572315 0.2609339524708927
v -0.4263729631301217 0.27813825511315876 0.4852593930697148
v -0.3373723360993147 0.4357773380461357 0.23360723647221382
v -0.3609680215035691 0.29880207647104207 0.5213350094569191
v -0.2719673944727621 0.4564411594040191 0.2696828528594181
vt 0.109375 0.75
vt 0.125 0.75
vt 0.125 0.8125
vt 0.109375 0.8125
vt 0.1875 0.828125
vt 0.203125 0.828125
vt 0.203125 0.890625
vt 0.1875 0.890625
vt 0.125 0.75
vt 0.140625 0.75
vt 0.140625 0.8125
vt 0.125 0.8125
vt 0.140625 0.75
vt 0.15625 0.75
vt 0.15625 0.8125
vt 0.140625 0.8125
vt 0.359375 0.796875
vt 0.34375 0.796875
vt 0.34375 0.78125
vt 0.359375 0.78125
vt 0.359375 0.765625
vt 0.34375 0.765625
vt 0.34375 0.78125
vt 0.359375 0.78125
vn -0.45315389351832003 0.818732449175429 0.35260278707972664
vn -0.8439347306651959 -0.2666299530049462 -0.46549182435102304
vn 0.45315389351831964 -0.8187324491754289 -0.35260278707972736
vn 0.8439347306651951 0.2666299530049471 0.4654918243510237
vn 0.2870987968735714 0.5085131707515385 -0.8117811503145197
vn -0.28709879687356993 -0.5085131707515396 0.8117811503145194
usemtl m_b9ab1dac-2ee1-3473-4bc7-4d49dd8be8d6
f 89/265/67 90/266/67 91/267/67 92/268/67
f 93/269/68 89/270/68 92/271/68 94/272/68
f 95/273/69 93/274/69 94/275/69 96/276/69
f 90/277/70 95/278/70 96/279/70 91/280/70
f 96/281/71 94/282/71 92/283/71 91/284/71
f 90/285/72 89/286/72 93/287/72 95/288/72
o cube
v -0.3765906484122191 0.30306018566918924 0.6891847706765423
v -0.32700543683375516 0.3370429411394859 0.6740032317767812
v -0.4002415352851416 0.3688558721549198 0.50601391275969
v -0.44982674686360563 0.3348731166846231 0.5211954516594508
v -0.34849510701408326 0.2522987738203125 0.6673233978775991
v -0.4217312054654697 0.2841117048357465 0.49933407886050785
v -0.29890989543561935 0.2862815292906092 0.652141858977838
v -0.3721459938870058 0.31809446030604316 0.4841525399607468
vt 0.25 0.953125
vt 0.265625 0.953125
vt 0.265625 1
vt 0.25 1
vt 0.25 0.890625
vt 0.265625 0.890625
vt 0.265625 0.9375
vt 0.25 0.9375
vt 0.109375 0.703125
vt 0.125 0.703125
vt 0.125 0.75
vt 0.109375 0.75
vt 0.125 0.703125
vt 0.140625 0.703125
vt 0.140625 0.75
vt 0.125 0.75
vt 0.25 0.65625
vt 0.234375 0.65625
vt 0.234375 0.640625
vt 0.25 0.640625
vt 0.359375 0.75
vt 0.34375 0.75
vt 0.34375 0.765625
vt 0.359375 0.765625
vn -0.45315389351832036 0.8187324491754284 0.35260278707972753
vn -0.7997614770720041 -0.5481089591983337 0.2448635306413065
vn 0.45315389351832014 -0.8187324491754281 -0.35260278707972836
vn 0.7997614770720046 0.5481089591983329 -0.2448635306413063
vn -0.39374246479240194 0.17103726352383428 -0.903168381812319
vn 0.3937424647924025 -0.1710372635238366 0.9031683818123182
usemtl m_b9ab1dac-2ee1-3473-4bc7-4d49dd8be8d6
f 97/289/73 98/290/73 99/291/73 100/292/73
f 101/293/74 97/294/74 100/295/74 102/296/74
f 103/297/75 101/298/75 102/299/75 104/300/75
f 98/301/76 103/302/76 104/303/76 99/304/76
f 104/305/77 102/306/77 100/307/77 99/308/77
f 98/309/78 97/310/78 101/311/78 103/312/78
o cube
v -0.35008943347042815 0.3068494914897406 0.6924652356674272
v -0.20619856189201236 0.35230989847708427 0.7718315917192768
v -0.1928484678373913 0.3759557609170307 0.7340837682296518
v -0.33673933941580714 0.3304953539296873 0.6547174121778022
v -0.32901777742182636 0.2687784326030834 0.67606920606822
v -0.31566768336720524 0.29242429504302986 0.6383213825785948
v -0.18512690584341052 0.3142388395904267 0.7554355621200697
v -0.17177681178878945 0.33788470203037324 0.7176877386304445
vt 0.140625 0.734375
vt 0.1875 0.734375
vt 0.1875 0.75
vt 0.140625 0.75
vt 0.25 0.640625
vt 0.265625 0.640625
vt 0.265625 0.65625
vt 0.25 0.65625
vt 0.203125 0.734375
vt 0.25 0.734375
vt 0.25 0.75
vt 0.203125 0.75
vt 0.34375 0.734375
vt 0.359375 0.734375
vt 0.359375 0.75
vt 0.34375 0.75
vt 0.296875 0.78125
vt 0.25 0.78125
vt 0.25 0.765625
vt 0.296875 0.765625
vt 0.296875 0.75
vt 0.25 0.75
vt 0.25 0.765625
vt 0.296875 0.765625
vn -0.45315389351832003 0.8187324491754286 0.3526027870797272
vn -0.8439347306651954 -0.2666299530049469 -0.4654918243510233
vn 0.4531538935183189 -0.8187324491754299 -0.3526027870797258
vn 0.8439347306651946 0.26662995300494835 0.46549182435102393
vn 0.28709879687357204 0.508513170751539 -0.8117811503145191
vn -0.28709879687357 -0.5085131707515409 0.8117811503145186
usemtl m_b9ab1dac-2ee1-3473-4bc7-4d49dd8be8d6
f 105/313/79 106/314/79 107/315/79 108/316/79
f 109/317/80 105/318/80 108/319/80 110/320/80
f 111/321/81 109/322/81 110/323/81 112/324/81
f 106/325/82 111/326/82 112/327/82 107/328/82
f 112/329/83 110/330/83 108/331/83 107/332/83
f 106/333/84 105/334/84 109/335/84 111/336/84
o cube
v -0.1297741227351784 0.31845212204457307 0.35522255459136615
v 0.006585209105598344 0.411904699587889 0.3134733226170234
v -0.030032840120094884 0.4278111650956059 0.22947866310847778
v -0.16639217196087164 0.33435858755228975 0.27122789508282064
v -0.08763081063797473 0.24231000427125815 0.32243049539295165
v -0.12424885986366807 0.25821646977897506 0.23843583588440592
v 0.04872852120280191 0.3357625818145742 0.2806812634186088
v 0.012110471977108683 0.3516690473222911 0.19668660391006315
vt 0.3125 0.78125
vt 0.34375 0.78125
vt 0.34375 0.796875
vt 0.3125 0.796875
vt 0.265625 0.640625
vt 0.28125 0.640625
vt 0.28125 0.65625
vt 0.265625 0.65625
vt 0.3125 0.734375
vt 0.34375 0.734375
vt 0.34375 0.75
vt 0.3125 0.75
vt 0.34375 0.71875
vt 0.359375 0.71875
vt 0.359375 0.734375
vt 0.34375 0.734375
vt 0.34375 0.734375
vt 0.3125 0.734375
vt 0.3125 0.71875
vt 0.34375 0.71875
vt 0.34375 0.703125
vt 0.3125 0.703125
vt 0.3125 0.71875
vt 0.34375 0.71875
vn -0.45315389351831825 0.8187324491754295 0.3526027870797274
vn -0.7997614770720034 -0.5481089591983339 0.24486353064130742
vn 0.45315389351831925 -0.8187324491754291 -0.3526027870797274
vn 0.7997614770720041 0.5481089591983336 -0.24486353064130614
vn -0.39374246479240094 0.17103726352383833 -0.9031683818123186
vn 0.3937424647923997 -0.17103726352383683 0.9031683818123195
usemtl m_b9ab1dac-2ee1-3473-4bc7-4d49dd8be8d6
f 113/337/85 114/338/85 115/339/85 116/340/85
f 117/341/86 113/342/86 116/343/86 118/344/86
f 119/345/87 117/346/87 118/347/87 120/348/87
f 114/349/88 119/350/88 120/351/88 115/352/88
f 120/353/89 118/354/89 116/355/89 115/356/89
f 114/357/90 113/358/90 117/359/90 119/360/90
o cube
v -0.23005419714122044 0.20227052448121485 0.4741363558974147
v -0.1646492555146677 0.22293434583909832 0.5102119722846191
v -0.09789878524156248 0.34116365803883103 0.3214728548364933
v -0.16330372686811512 0.3204998366809477 0.285397238449289
v -0.19493477039355056 0.13881875967011914 0.44680963989873584
v -0.12818430012044513 0.2570480718698517 0.2580705224506102
v -0.12952982876699803 0.15948258102800272 0.48288525628594015
v -0.06277935849389282 0.27771189322773515 0.2941461388378145
vt 0.25 0.703125
vt 0.265625 0.703125
vt 0.265625 0.75
vt 0.25 0.75
vt 0 0.6875
vt 0.015625 0.6875
vt 0.015625 0.734375
vt 0 0.734375
vt 0.265625 0.953125
vt 0.28125 0.953125
vt 0.28125 1
vt 0.265625 1
vt 0.015625 0.6875
vt 0.03125 0.6875
vt 0.03125 0.734375
vt 0.015625 0.734375
vt 0.296875 0.65625
vt 0.28125 0.65625
vt 0.28125 0.640625
vt 0.296875 0.640625
vt 0.359375 0.703125
vt 0.34375 0.703125
vt 0.34375 0.71875
vt 0.359375 0.71875
vn -0.45315389351832047 0.8187324491754286 0.3526027870797266
vn -0.8439347306651951 -0.2666299530049468 -0.46549182435102393
vn 0.45315389351832075 -0.8187324491754288 -0.352602787079726
vn 0.8439347306651958 0.26662995300494646 0.4654918243510231
vn 0.28709879687357254 0.5085131707515373 -0.8117811503145198
vn -0.2870987968735716 -0.5085131707515383 0.8117811503145196
usemtl m_b9ab1dac-2ee1-3473-4bc7-4d49dd8be8d6
f 121/361/91 122/362/91 123/363/91 124/364/91
f 125/365/92 121/366/92 124/367/92 126/368/92
f 127/369/93 125/370/93 126/371/93 128/372/93
f 122/373/94 127/374/94 128/375/94 123/376/94
f 128/377/95 126/378/95 124/379/95 123/380/95
f 122/381/96 121/382/96 125/383/96 127/384/96
o cube
v -0.15930344870257584 0.17753188257465258 0.600525901399402
v -0.10971823712411177 0.2115146380449492 0.5853443624996411
v -0.16464531096265167 0.23537433630652438 0.45935237323682254
v -0.21423052254111552 0.20139158083622777 0.4745339121365836
v -0.13120790730443999 0.12677047072577585 0.578664528600459
v -0.18613498114297977 0.15063016898735127 0.45267253933764046
v -0.08162269572597591 0.16075322619607246 0.5634829897006979
v -0.1365497695645158 0.18461292445764765 0.4374910004378796
vt 0.3125 0.671875
vt 0.328125 0.671875
vt 0.328125 0.703125
vt 0.3125 0.703125
vt 0 0.640625
vt 0.015625 0.640625
vt 0.015625 0.671875
vt 0 0.671875
vt 0.015625 0.640625
vt 0.03125 0.640625
vt 0.03125 0.671875
vt 0.015625 0.671875
vt 0.03125 0.640625
vt 0.046875 0.640625
vt 0.046875 0.671875
vt 0.03125 0.671875
vt 0.3125 0.65625
vt 0.296875 0.65625
vt 0.296875 0.640625
vt 0.3125 0.640625
vt 0.328125 0.640625
vt 0.3125 0.640625
vt 0.3125 0.65625
vt 0.328125 0.65625
vn -0.4531538935183191 0.8187324491754295 0.35260278707972637
vn -0.7997614770720041 -0.5481089591983337 0.24486353064130648
vn 0.4531538935183186 -0.8187324491754294 -0.3526027870797275
vn 0.7997614770720037 0.5481089591983337 -0.24486353064130698
vn -0.3937424647924003 0.17103726352384038 -0.9031683818123185
vn 0.3937424647924014 -0.1710372635238364 0.9031683818123188
usemtl m_b9ab1dac-2ee1-3473-4bc7-4d49dd8be8d6
f 129/385/97 130/386/97 131/387/97 132/388/97
f 133/389/98 129/390/98 132/391/98 134/392/98
f 135/393/99 133/394/99 134/395/99 136/396/99
f 130/397/100 135/398/100 136/399/100 131/400/100
f 136/401/101 134/402/101 132/403/101 131/404/101
f 130/405/102 129/406/102 133/407/102 135/408/102
o cube
v -0.13512028628658845 0.17962887474643063 0.6047567774002535
v 0.008770585291827504 0.22508928173377418 0.6841231334521032
v 0.02212067934644857 0.24873514417372045 0.6463753099624779
v -0.1217701922319675 0.20327473718637723 0.5670089539106283
v -0.1140486302379865 0.14155781585977278 0.5883607478010462
v -0.10069853618336555 0.1652036782997196 0.5506129243114208
v 0.029842241340429232 0.18701822284711667 0.6677271038528958
v 0.04319233539505052 0.21066408528706293 0.6299792803632704
vt 0.265625 0.921875
vt 0.3125 0.921875
vt 0.3125 0.9375
vt 0.265625 0.9375
vt 0.328125 0.640625
vt 0.34375 0.640625
vt 0.34375 0.65625
vt 0.328125 0.65625
vt 0.265625 0.90625
vt 0.3125 0.90625
vt 0.3125 0.921875
vt 0.265625 0.921875
vt 0.34375 0.65625
vt 0.359375 0.65625
vt 0.359375 0.671875
vt 0.34375 0.671875
vt 0.3125 0.90625
vt 0.265625 0.90625
vt 0.265625 0.890625
vt 0.3125 0.890625
vt 0.3125 0.875
vt 0.265625 0.875
vt 0.265625 0.890625
vt 0.3125 0.890625
vn -0.4531538935183182 0.8187324491754311 0.35260278707972387
vn -0.8439347306651954 -0.2666299530049469 -0.4654918243510233
vn 0.4531538935183226 -0.8187324491754258 -0.3526027870797308
vn 0.8439347306651966 0.2666299530049456 0.4654918243510221
vn 0.28709879687357076 0.5085131707515402 -0.8117811503145187
vn -0.28709879687357265 -0.5085131707515359 0.8117811503145208
usemtl m_b9ab1dac-2ee1-3473-4bc7-4d49dd8be8d6
f 137/409/103 138/410/103 139/411/103 140/412/103
f 141/413/104 137/414/104 140/415/104 142/416/104
f 143/417/105 141/418/105 142/419/105 144/420/105
f 138/421/106 143/422/106 144/423/106 139/424/106
f 144/425/107 142/426/107 140/427/107 139/428/107
f 138/429/108 137/430/108 141/431/108 143/432/108
o cube
v 0.011222846719598611 0.0951174675578087 0.37364173496767955
v 0.13518587566575901 0.1800743562335505 0.335687887718277
v 0.10467083464434812 0.19332974415664794 0.2656923381278224
v -0.019292194301812282 0.10837285548090614 0.3036461853772249
v 0.04634227346726838 0.03166570274671321 0.3463150189690007
v 0.015827232445857264 0.044921090669810426 0.276319469378546
v 0.170305302413429 0.11662259142245479 0.30836117171959815
v 0.13979026139201778 0.12987797934555223 0.23836562212914353
vt 0.328125 0.984375
vt 0.359375 0.984375
vt 0.359375 1
vt 0.328125 1
vt 0.34375 0.640625
vt 0.359375 0.640625
vt 0.359375 0.65625
vt 0.34375 0.65625
vt 0.046875 0.65625
vt 0.078125 0.65625
vt 0.078125 0.671875
vt 0.046875 0.671875
vt 0 0.625
vt 0.015625 0.625
vt 0.015625 0.640625
vt 0 0.640625
vt 0.359375 0.921875
vt 0.328125 0.921875
vt 0.328125 0.90625
vt 0.359375 0.90625
vt 0.359375 0.890625
vt 0.328125 0.890625
vt 0.328125 0.90625
vt 0.359375 0.90625
vn -0.4531538935183195 0.8187324491754286 0.35260278707972775
vn -0.7997614770720033 -0.548108959198336 0.244863530641304
vn 0.45315389351831925 -0.8187324491754299 -0.3526027870797254
vn 0.7997614770720021 0.5481089591983367 -0.24486353064130637
vn -0.3937424647924008 0.17103726352383788 -0.9031683818123188
vn 0.3937424647924013 -0.17103726352383752 0.9031683818123187
usemtl m_b9ab1dac-2ee1-3473-4bc7-4d49dd8be8d6
f 145/433/109 146/434/109 147/435/109 148/436/109
f 149/437/110 145/438/110 148/439/110 150/440/110
f 151/441/111 149/442/111 150/443/111 152/444/111
f 146/445/112 151/446/112 152/447/112 147/448/112
f 152/449/113 150/450/113 148/451/113 147/452/113
f 146/453/114 145/454/114 149/455/114 151/456/114
o cube
v -0.0641714718607076 0.010417833851542713 0.4514378005120061
v -0.011847518559465753 0.026948890937849468 0.4802982936217695
v 0.041552857659018616 0.12153234069763541 0.3293069996632689
v -0.010771095642223338 0.10500128361132877 0.30044650655350547
v -0.036075930462571626 -0.04034357799733401 0.4295764277130629
v 0.01732444575591241 0.054239871762452374 0.2785851337545624
v 0.016248022838670217 -0.02381252091102737 0.45843692082282633
v 0.06964839905715436 0.0707709288487588 0.3074456268643257
vt 0.03125 0.6875
vt 0.046875 0.6875
vt 0.046875 0.734375
vt 0.03125 0.734375
vt 0.078125 0.6875
vt 0.09375 0.6875
vt 0.09375 0.734375
vt 0.078125 0.734375
vt 0.09375 0.6875
vt 0.109375 0.6875
vt 0.109375 0.734375
vt 0.09375 0.734375
vt 0.265625 0.828125
vt 0.28125 0.828125
vt 0.28125 0.875
vt 0.265625 0.875
vt 0.375 1
vt 0.359375 1
vt 0.359375 0.984375
vt 0.375 0.984375
vt 0.03125 0.625
vt 0.015625 0.625
vt 0.015625 0.640625
vt 0.03125 0.640625
vn -0.4531538935183199 0.8187324491754293 0.3526027870797257
vn -0.8439347306651955 -0.2666299530049466 -0.46549182435102326
vn 0.45315389351832036 -0.8187324491754284 -0.3526027870797273
vn 0.8439347306651955 0.26662995300494646 0.4654918243510233
vn 0.28709879687357126 0.5085131707515393 -0.8117811503145191
vn -0.28709879687357237 -0.5085131707515388 0.8117811503145189
usemtl m_b9ab1dac-2ee1-3473-4bc7-4d49dd8be8d6
f 153/457/115 154/458/115 155/459/115 156/460/115
f 157/461/116 153/462/116 156/463/116 158/464/116
f 159/465/117 157/466/117 158/467/117 160/468/117
f 154/469/118 159/470/118 160/471/118 155/472/118
f 160/473/119 158/474/119 156/475/119 155/476/119
f 154/477/120 153/478/120 157/479/120 159/480/120
o cube
v -0.04929635885375083 -0.0014652116487240407 0.4761674698204682
v 0.08567359453768797 0.008959268087333161 0.6254212533696477
v 0.11302510572502533 0.03554981767398546 0.5988301362729793
v -0.02194484766641347 0.02512533793792837 0.4495763527237997
v -0.028224702805148882 -0.039536270535381446 0.4597714402212609
v -0.0008731916178117416 -0.012945720948729145 0.43318032312459237
v 0.10674525058628992 -0.029111790799324244 0.6090252237704403
v 0.1340967617736275 -0.002521241212672054 0.582434106673772
vt 0.140625 0.71875
vt 0.1875 0.71875
vt 0.1875 0.734375
vt 0.140625 0.734375
vt 0.359375 0.96875
vt 0.375 0.96875
vt 0.375 0.984375
vt 0.359375 0.984375
vt 0.265625 0.8125
vt 0.3125 0.8125
vt 0.3125 0.828125
vt 0.265625 0.828125
vt 0.03125 0.625
vt 0.046875 0.625
vt 0.046875 0.640625
vt 0.03125 0.640625
vt 0.3125 0.8125
vt 0.265625 0.8125
vt 0.265625 0.796875
vt 0.3125 0.796875
vt 0.25 0.71875
vt 0.203125 0.71875
vt 0.203125 0.734375
vt 0.25 0.734375
vn -0.45315389351832075 0.818732449175428 0.3526027870797277
vn -0.6698260714215348 -0.05173439074966403 -0.7407135660008896
vn 0.4531538935183209 -0.8187324491754281 -0.3526027870797274
vn 0.669826071421531 0.05173439074965987 0.7407135660008931
vn 0.5882045416631733 0.5718397760570376 -0.5718519805735164
vn -0.5882045416631726 -0.5718397760570394 0.5718519805735153
usemtl m_b9ab1dac-2ee1-3473-4bc7-4d49dd8be8d6
f 161/481/121 162/482/121 163/483/121 164/484/121
f 165/485/122 161/486/122 164/487/122 166/488/122
f 167/489/123 165/490/123 166/491/123 168/492/123
f 162/493/124 167/494/124 168/495/124 163/496/124
f 168/497/125 166/498/125 164/499/125 163/500/125
f 162/501/126 161/502/126 165/503/126 167/504/126
o cube
v -0.16192766820716353 0.8892833451537977 0.3072122997000975
v 0.04736814499780506 0.9554075734990244 0.4226542721391515
v 0.07406833310704708 1.0026992983789174 0.34715862515990126
v -0.1352274800979214 0.9365750700336907 0.23171665272084724
v -0.11978435610995974 0.8131412273804827 0.27442024050168284
v -0.09308416800071784 0.8604329522603759 0.19892459352243264
v 0.08951145709500874 0.8792654557257096 0.38986221294073686
v 0.11621164520425087 0.9265571806056027 0.3143665659614866
vt 0.265625 0.78125
vt 0.3125 0.78125
vt 0.3125 0.796875
vt 0.265625 0.796875
vt 0.359375 0.953125
vt 0.375 0.953125
vt 0.375 0.96875
vt 0.359375 0.96875
vt 0.265625 0.734375
vt 0.3125 0.734375
vt 0.3125 0.75
vt 0.265625 0.75
vt 0.046875 0.625
vt 0.0625 0.625
vt 0.0625 0.640625
vt 0.046875 0.640625
vt 0.3125 0.734375
vt 0.265625 0.734375
vt 0.265625 0.71875
vt 0.3125 0.71875
vt 0.328125 0.984375
vt 0.28125 0.984375
vt 0.28125 1
vt 0.328125 1
vn -0.45315389351831914 0.8187324491754288 0.3526027870797278
vn -0.8439347306651955 -0.2666299530049469 -0.4654918243510234
vn 0.45315389351831964 -0.8187324491754283 -0.35260278707972803
vn 0.8439347306651956 0.26662995300494696 0.46549182435102326
vn 0.28709879687357126 0.5085131707515389 -0.8117811503145195
vn -0.28709879687357176 -0.5085131707515389 0.8117811503145193
usemtl m_b9ab1dac-2ee1-3473-4bc7-4d49dd8be8d6
f 169/505/127 170/506/127 171/507/127 172/508/127
f 173/509/128 169/510/128 172/511/128 174/512/128
f 175/513/129 173/514/129 174/515/129 176/516/129
f 170/517/130 175/518/130 176/519/130 171/520/130
f 176/521/131 174/522/131 172/523/131 171/524/131
f 170/525/132 169/526/132 173/527/132 175/528/132
o cube
v 0.15002341261218388 0.9073373456919123 0.6442216913918347
v 0.2120049270852643 0.9498157900297831 0.6252447677671334
v 0.08994476299961984 1.0028373417221728 0.3452625694053147
v 0.02796324852653964 0.9603588973843018 0.36423949303001596
v 0.18514283935985365 0.8438855808808166 0.6168949753931559
v 0.06308267527420952 0.8969071325732061 0.3369127770313371
v 0.24712435383293407 0.8863640252186873 0.5979180517684546
v 0.12506418974728983 0.9393855769110769 0.3179358534066358
vt 0.15625 0.75
vt 0.171875 0.75
vt 0.171875 0.8125
vt 0.15625 0.8125
vt 0.171875 0.75
vt 0.1875 0.75
vt 0.1875 0.8125
vt 0.171875 0.8125
vt 0.1875 0.765625
vt 0.203125 0.765625
vt 0.203125 0.828125
vt 0.1875 0.828125
vt 0.203125 0.9375
vt 0.21875 0.9375
vt 0.21875 1
vt 0.203125 1
vt 0.375 0.953125
vt 0.359375 0.953125
vt 0.359375 0.9375
vt 0.375 0.9375
vt 0.078125 0.625
vt 0.0625 0.625
vt 0.0625 0.640625
vt 0.078125 0.640625
vn -0.4531538935183177 0.81873244917543 0.35260278707972725
vn -0.7997614770720034 -0.5481089591983344 0.24486353064130675
vn 0.4531538935183181 -0.8187324491754299 -0.3526027870797267
vn 0.7997614770720043 0.548108959198333 -0.24486353064130664
vn -0.39374246479240016 0.17103726352383664 -0.9031683818123193
vn 0.3937424647924003 -0.17103726352383744 0.903168381812319
usemtl m_b9ab1dac-2ee1-3473-4bc7-4d49dd8be8d6
f 177/529/133 178/530/133 179/531/133 180/532/133
f 181/533/134 177/534/134 180/535/134 182/536/134
f 183/537/135 181/538/135 182/539/135 184/540/135
f 178/541/136 183/542/136 184/543/136 179/544/136
f 184/545/137 182/546/137 180/547/137 179/548/137
f 178/549/138 177/550/138 181/551/138 183/552/138
o cube
v 0.10572970402956572 0.8318903778177866 0.7405028767137971
v 0.15805365733080756 0.848421434904093 0.7693633698235605
v 0.21145403354929193 0.9430048846638794 0.6183720758650599
v 0.1591300802480502 0.9264738275775728 0.5895115827552966
v 0.13382524542770147 0.7811289659689099 0.7186415039148542
v 0.18722562164618595 0.8757124157286962 0.5676502099563534
v 0.18614919872894342 0.7976600230552165 0.7475019970246175
v 0.2395495749474278 0.8922434728150028 0.5965107030661168
vt 0.28125 0.9375
vt 0.296875 0.9375
vt 0.296875 0.984375
vt 0.28125 0.984375
vt 0.046875 0.671875
vt 0.0625 0.671875
vt 0.0625 0.71875
vt 0.046875 0.71875
vt 0.0625 0.671875
vt 0.078125 0.671875
vt 0.078125 0.71875
vt 0.0625 0.71875
vt 0.28125 0.828125
vt 0.296875 0.828125
vt 0.296875 0.875
vt 0.28125 0.875
vt 0.375 0.9375
vt 0.359375 0.9375
vt 0.359375 0.921875
vt 0.375 0.921875
vt 0.09375 0.625
vt 0.078125 0.625
vt 0.078125 0.640625
vt 0.09375 0.640625
vn -0.4531538935183194 0.8187324491754288 0.3526027870797276
vn -0.8439347306651955 -0.26662995300494574 -0.4654918243510241
vn 0.45315389351831836 -0.8187324491754298 -0.35260278707972686
vn 0.8439347306651946 0.26662995300494674 0.4654918243510249
vn 0.2870987968735718 0.5085131707515392 -0.8117811503145189
vn -0.28709879687357287 -0.5085131707515377 0.8117811503145196
usemtl m_b9ab1dac-2ee1-3473-4bc7-4d49dd8be8d6
f 185/553/139 186/554/139 187/555/139 188/556/139
f 189/557/140 185/558/140 188/559/140 190/560/140
f 191/561/141 189/562/141 190/563/141 192/564/141
f 186/565/142 191/566/142 192/567/142 187/568/142
f 192/569/143 190/570/143 188/571/143 187/572/143
f 186/573/144 185/574/144 189/575/144 191/576/144
o cube
v 0.016054585769739838 0.71211082137817 0.881400176548709
v 0.1619293121022065 0.8539270858403158 0.7395808853664771
v 0.13078239978110517 0.8515214366704564 0.7051377045474356
v -0.01509232655136139 0.7097051722083105 0.8469569957296676
v 0.037126241818341676 0.6740397624915127 0.8650041469495016
v 0.005979329497240449 0.6716341133216532 0.8305609661304603
v 0.18300096815080857 0.8158560269536583 0.7231848557672698
v 0.15185405582970735 0.813450377783799 0.6887416749482284
vt 0.046875 0.78125
vt 0.109375 0.78125
vt 0.109375 0.796875
vt 0.046875 0.796875
vt 0.359375 0.90625
vt 0.375 0.90625
vt 0.375 0.921875
vt 0.359375 0.921875
vt 0.203125 0.875
vt 0.265625 0.875
vt 0.265625 0.890625
vt 0.203125 0.890625
vt 0.09375 0.625
vt 0.109375 0.625
vt 0.109375 0.640625
vt 0.09375 0.640625
vt 0.265625 0.875
vt 0.203125 0.875
vt 0.203125 0.859375
vt 0.265625 0.859375
vt 0.265625 0.84375
vt 0.203125 0.84375
vt 0.203125 0.859375
vt 0.265625 0.859375
vn -0.45315389351832114 0.8187324491754284 0.3526027870797262
vn -0.5882045416631715 -0.5718397760570395 0.5718519805735163
vn 0.4531538935183199 -0.8187324491754291 -0.3526027870797266
vn 0.5882045416631715 0.5718397760570423 -0.5718519805735138
vn -0.6698260714215336 -0.05173439074966178 -0.7407135660008908
vn 0.6698260714215328 0.05173439074966371 0.7407135660008912
usemtl m_b9ab1dac-2ee1-3473-4bc7-4d49dd8be8d6
