# Made in Blockbench 4.12.5
mtllib catwalk_45_angled.mtl

o cube
v 0.8712247093562092 -0.06134514544101884 1.244351399847266
v -1.1846667750169644 0.9397769295147385 -0.8115400845259135
v 0.8424482781368287 -0.1795349673909335 1.2155749686278854
v -1.2134432062363452 0.821587107564824 -0.8403165157452943
v -1.3172492964894431 0.9397769295147385 -0.6789575630534352
v 0.7386421878837306 -0.06134514544101884 1.3769339213197442
v -1.3460257277088234 0.821587107564824 -0.707733994272816
v 0.7098657566643499 -0.1795349673909335 1.3481574901003637
vt 0 1
vt 0.06250000000000037 1
vt 0.06250000000000037 0.9583333333333333
vt 0 0.9583333333333333
vt 0 1
vt 1 1
vt 1 0.9583333333333333
vt 0 0.9583333333333333
vt 0 1
vt 0.06250000000000037 1
vt 0.06250000000000037 0.9583333333333333
vt 0 0.9583333333333333
vt 0 0.7291666666666667
vt 1 0.7291666666666667
vt 1 0.6875
vt 0 0.6875
vt 0 0.33333333333333304
vt 0 0.39583333333333337
vt 1 0.39583333333333337
vt 1 0.33333333333333304
vt 0 0.8124999999999997
vt 0 0.875
vt 1 0.875
vt 1 0.8124999999999997
vn -0.6685825965441212 0.3255681544571568 -0.6685825965441231
vn 0.7071067811865486 2.775557561562892e-17 -0.7071067811865466
vn 0.6685825965441212 -0.3255681544571568 0.6685825965441231
vn -0.7071067811865486 -2.775557561562892e-17 0.7071067811865466
vn 0.23021144975504454 0.9455185755993168 0.23021144975504518
vn -0.23021144975504454 -0.9455185755993168 -0.23021144975504518
usemtl m_8f8d75e7-99e1-244a-6f2d-3b951e629454
f 4/4/1 7/3/1 5/2/1 2/1/1
f 3/8/2 4/7/2 2/6/2 1/5/2
f 8/12/3 3/11/3 1/10/3 6/9/3
f 7/16/4 8/15/4 6/14/4 5/13/4
f 6/20/5 1/19/5 2/18/5 5/17/5
f 7/24/6 4/23/6 3/22/6 8/21/6
o cube
v 1.4015547952461205 -0.06134514544101883 0.7140213139573562
v -0.6543366891270531 0.9397769295147385 -1.3418701704158231
v 1.37277836402674 -0.17953496739093347 0.6852448827379756
v -0.6831131203464339 0.821587107564824 -1.370646601635204
v -0.7869192105995318 0.9397769295147385 -1.2092876489433453
v 1.268972273773642 -0.061345145441018836 0.8466038354298343
v -0.8156956418189122 0.821587107564824 -1.238064080162726
v 1.2401958425542614 -0.1795349673909335 0.8178274042104536
vt 0 1
vt 0.06250000000000037 1
vt 0.06250000000000037 0.9583333333333333
vt 0 0.9583333333333333
vt 0 1
vt 1 1
vt 1 0.9583333333333333
vt 0 0.9583333333333333
vt 0 1
vt 0.06250000000000037 1
vt 0.06250000000000037 0.9583333333333333
vt 0 0.9583333333333333
vt 0 0.625
vt 1 0.625
vt 1 0.5833333333333333
vt 0 0.5833333333333333
vt 0 0.6874999999999996
vt 0 0.75
vt 1 0.75
vt 1 0.6874999999999996
vt 0 0.8124999999999997
vt 0 0.875
vt 1 0.875
vt 1 0.8124999999999997
vn -0.6685825965441212 0.3255681544571568 -0.6685825965441231
vn 0.7071067811865486 2.775557561562892e-17 -0.7071067811865466
vn 0.6685825965441212 -0.3255681544571568 0.6685825965441231
vn -0.7071067811865486 -2.775557561562892e-17 0.7071067811865466
vn 0.23021144975504454 0.9455185755993168 0.23021144975504518
vn -0.23021144975504454 -0.9455185755993168 -0.23021144975504518
usemtl m_8f8d75e7-99e1-244a-6f2d-3b951e629454
f 12/28/7 15/27/7 13/26/7 10/25/7
f 11/32/8 12/31/8 10/30/8 9/29/8
f 16/36/9 11/35/9 9/34/9 14/33/9
f 15/40/10 16/39/10 14/38/10 13/37/10
f 14/44/11 9/43/11 10/42/11 13/41/11
f 15/48/12 12/47/12 11/46/12 16/45/12
o cube
v 1.2929915355439396 0.07914180414822763 0.5170697066068566
v 1.1174886039511072 0.16460344469323168 0.34156677501402366
v 1.2786033199342495 0.020046893173270297 0.5026814909971662
v 1.103100388341417 0.10550853371827432 0.32717855940433327
v 0.3219934751162394 0.16460344469323163 1.1370619038488892
v 0.4974964067090719 0.07914180414822763 1.3125648354417223
v 0.3076052595065491 0.10550853371827429 1.1226736882391988
v 0.4831081910993816 0.020046893173270297 1.298176619832032
vt 0 1
vt 0.3750000000000004 1
vt 0.3750000000000004 0.9791666666666666
vt 0 0.9791666666666666
vt 0 1
vt 0.08750000000000036 1
vt 0.08750000000000036 0.9791666666666666
vt 0 0.9791666666666666
vt 0 1
vt 0.3750000000000004 1
vt 0.3750000000000004 0.9791666666666666
vt 0 0.9791666666666666
vt 0 0.5374999999999996
vt 0 0.625
vt 0.020833333333333353 0.625
vt 0.020833333333333353 0.5374999999999996
vt 0 0.75
vt 0.3750000000000004 0.75
vt 0.3750000000000004 0.6624999999999996
vt 0 0.6624999999999996
vt 0 0.875
vt 0.3750000000000004 0.875
vt 0.3750000000000004 0.7874999999999996
vt 0 0.7874999999999996
vn -0.6685825965441212 0.3255681544571568 -0.6685825965441231
vn 0.7071067811865486 2.775557561562892e-17 -0.7071067811865466
vn 0.6685825965441212 -0.3255681544571568 0.6685825965441231
vn -0.7071067811865486 -2.775557561562892e-17 0.7071067811865466
vn 0.23021144975504454 0.9455185755993168 0.23021144975504518
vn -0.23021144975504454 -0.9455185755993168 -0.23021144975504518
usemtl m_8f8d75e7-99e1-244a-6f2d-3b951e629454
f 20/52/13 23/51/13 21/50/13 18/49/13
f 19/56/14 20/55/14 18/54/14 17/53/14
f 24/60/15 19/59/15 17/58/15 22/57/15
f 23/64/16 24/63/16 22/62/16 21/61/16
f 22/68/17 17/67/17 18/66/17 21/65/17
f 23/72/18 20/71/18 19/70/18 24/69/18
o cube
v 1.0064914649984609 0.2566996091205454 0.14218128841305844
v 0.8309885334056284 0.34216124966554934 -0.033321643179774485
v 0.9885061954863481 0.1828309704018487 0.12419601890094567
v 0.8130032638935155 0.26829261094685264 -0.051306912691887474
v -0.008700769253398688 0.34216124966554934 0.8063676594792503
v 0.1668021623394339 0.25669960912054535 0.9818705910720832
v -0.026686038765511566 0.26829261094685264 0.7883823899671374
v 0.14881689282732102 0.1828309704018487 0.9638853215599703
vt 0 1
vt 0.3750000000000004 1
vt 0.3750000000000004 0.9791666666666666
vt 0 0.9791666666666666
vt 0 1
vt 0.08750000000000036 1
vt 0.08750000000000036 0.9791666666666666
vt 0 0.9791666666666666
vt 0 1
vt 0.3750000000000004 1
vt 0.3750000000000004 0.9791666666666666
vt 0 0.9791666666666666
vt 0 0.5374999999999996
vt 0 0.625
vt 0.020833333333333353 0.625
vt 0.020833333333333353 0.5374999999999996
vt 0 0.75
vt 0.3750000000000004 0.75
vt 0.3750000000000004 0.6624999999999996
vt 0 0.6624999999999996
vt 0 0.875
vt 0.3750000000000004 0.875
vt 0.3750000000000004 0.7874999999999996
vt 0 0.7874999999999996
vn -0.6685825965441212 0.3255681544571568 -0.6685825965441231
vn 0.7071067811865486 2.775557561562892e-17 -0.7071067811865466
vn 0.6685825965441212 -0.3255681544571568 0.6685825965441231
vn -0.7071067811865486 -2.775557561562892e-17 0.7071067811865466
vn 0.23021144975504454 0.9455185755993168 0.23021144975504518
vn -0.23021144975504454 -0.9455185755993168 -0.23021144975504518
usemtl m_8f8d75e7-99e1-244a-6f2d-3b951e629454
f 28/76/19 31/75/19 29/74/19 26/73/19
f 27/80/20 28/79/20 26/78/20 25/77/20
f 32/84/21 27/83/21 25/82/21 30/81/21
f 31/88/22 32/87/22 30/86/22 29/85/22
f 30/92/23 25/91/23 26/90/23 29/89/23
f 31/96/24 28/95/24 27/94/24 32/93/24
o cube
v 0.7115788174702563 0.37878766704197914 -0.06434301146682864
v 0.5360758858774238 0.4642493075869831 -0.23984594305966156
v 0.6935935479581434 0.30491902832328244 -0.08232828097894163
v 0.518090616365311 0.39038066886828643 -0.25783121257177455
v -0.3036134167816035 0.4642493075869831 0.5998433595993632
v -0.12811048518877088 0.37878766704197914 0.7753462911921962
v -0.32159868629371624 0.39038066886828643 0.5818580900872503
v -0.14609575470088376 0.30491902832328244 0.7573610216800832
vt 0 1
vt 0.3750000000000004 1
vt 0.3750000000000004 0.9791666666666666
vt 0 0.9791666666666666
vt 0 1
vt 0.08750000000000036 1
vt 0.08750000000000036 0.9791666666666666
vt 0 0.9791666666666666
vt 0 1
vt 0.3750000000000004 1
vt 0.3750000000000004 0.9791666666666666
vt 0 0.9791666666666666
vt 0 0.5374999999999996
vt 0 0.625
vt 0.020833333333333353 0.625
vt 0.020833333333333353 0.5374999999999996
vt 0.2916666666666667 0.5625
vt 0.666666666666667 0.5625
vt 0.666666666666667 0.47499999999999964
vt 0.2916666666666667 0.47499999999999964
vt 0.2916666666666667 0.6458333333333333
vt 0.666666666666667 0.6458333333333333
vt 0.666666666666667 0.5583333333333329
vt 0.2916666666666667 0.5583333333333329
vn -0.6685825965441212 0.3255681544571568 -0.6685825965441231
vn 0.7071067811865486 2.775557561562892e-17 -0.7071067811865466
vn 0.6685825965441212 -0.3255681544571568 0.6685825965441231
vn -0.7071067811865486 -2.775557561562892e-17 0.7071067811865466
vn 0.23021144975504454 0.9455185755993168 0.23021144975504518
vn -0.23021144975504454 -0.9455185755993168 -0.23021144975504518
usemtl m_8f8d75e7-99e1-244a-6f2d-3b951e629454
f 36/100/25 39/99/25 37/98/25 34/97/25
f 35/104/26 36/103/26 34/102/26 33/101/26
f 40/108/27 35/107/27 33/106/27 38/105/27
f 39/112/28 40/111/28 38/110/28 37/109/28
f 38/116/29 33/115/29 34/114/29 37/113/29
f 39/120/30 36/119/30 35/118/30 40/117/30
o cube
v 0.5388020883435275 0.5059627273768059 -0.41389643589019487
v 0.3006195383246836 0.6219463824021685 -0.6520789859090395
v 0.5208168188314146 0.43209408865810933 -0.43188170540230764
v 0.2826342688125707 0.5480777436834718 -0.6700642554211524
v -0.5390697643343435 0.6219463824021685 0.18761031674998518
v -0.3008872143154996 0.5059627273768059 0.42579286676882977
v -0.5570550338464565 0.5480777436834718 0.16962504723787242
v -0.3188724838276126 0.43209408865810933 0.4078075972567169
vt 0 1
vt 0.3750000000000004 1
vt 0.3750000000000004 0.9791666666666666
vt 0 0.9791666666666666
vt 0 1
vt 0.08750000000000036 1
vt 0.08750000000000036 0.9791666666666666
vt 0 0.9791666666666666
vt 0 1
vt 0.3750000000000004 1
vt 0.3750000000000004 0.9791666666666666
vt 0 0.9791666666666666
vt 0 0.5374999999999996
vt 0 0.625
vt 0.020833333333333353 0.625
vt 0.020833333333333353 0.5374999999999996
vt 0.2916666666666667 0.22916666666666663
vt 0.6875000000000003 0.22916666666666663
vt 0.6875000000000003 0.11041666666666627
vt 0.2916666666666667 0.11041666666666627
vt 0.2916666666666667 0.35416666666666663
vt 0.6875000000000003 0.35416666666666663
vt 0.6875000000000003 0.23541666666666627
vt 0.2916666666666667 0.23541666666666627
vn -0.6685825965441212 0.3255681544571568 -0.6685825965441231
vn 0.7071067811865486 2.775557561562892e-17 -0.7071067811865466
vn 0.6685825965441212 -0.3255681544571568 0.6685825965441231
vn -0.7071067811865486 -2.775557561562892e-17 0.7071067811865466
vn 0.23021144975504454 0.9455185755993168 0.23021144975504518
vn -0.23021144975504454 -0.9455185755993168 -0.23021144975504518
usemtl m_8f8d75e7-99e1-244a-6f2d-3b951e629454
f 44/124/31 47/123/31 45/122/31 42/121/31
f 43/128/32 44/127/32 42/126/32 41/125/32
f 48/132/33 43/131/33 41/130/33 46/129/33
f 47/136/34 48/135/34 46/134/34 45/133/34
f 46/140/35 41/139/35 42/138/35 45/137/35
f 47/144/36 44/143/36 43/142/36 48/141/36
o cube
v -0.24710090352176628 0.8671398987277141 -1.1114110801071722
v -0.46439024739860646 0.9729495489262905 -1.328700423984013
v -0.26508617303387905 0.7932712600090175 -1.1293963496192851
v -0.48237551691071945 0.8990809102075938 -1.346685693496126
v -1.3040795500576334 0.9729495489262905 -0.48901112132498836
v -1.0867902061807935 0.8671398987277141 -0.27172177744814774
v -1.3220648195697464 0.8990809102075938 -0.5069963908371011
v -1.104775475692906 0.7932712600090175 -0.2897070469602605
vt 0 1
vt 0.3750000000000004 1
vt 0.3750000000000004 0.9791666666666666
vt 0 0.9791666666666666
vt 0 1
vt 0.08750000000000036 1
vt 0.08750000000000036 0.9791666666666666
vt 0 0.9791666666666666
vt 0 1
vt 0.3750000000000004 1
vt 0.3750000000000004 0.9791666666666666
vt 0 0.9791666666666666
vt 0 0.5374999999999996
vt 0 0.625
vt 0.020833333333333353 0.625
vt 0.020833333333333353 0.5374999999999996
vt 0.2916666666666667 0.5260416666666667
vt 0.6875000000000003 0.5260416666666667
vt 0.6875000000000003 0.417708333333333
vt 0.2916666666666667 0.417708333333333
vt 0.2916666666666667 0.6458333333333333
vt 0.6875000000000003 0.6458333333333333
vt 0.6875000000000003 0.5374999999999996
vt 0.2916666666666667 0.5374999999999996
vn -0.6685825965441212 0.3255681544571568 -0.6685825965441231
vn 0.7071067811865486 2.775557561562892e-17 -0.7071067811865466
vn 0.6685825965441212 -0.3255681544571568 0.6685825965441231
vn -0.7071067811865486 -2.775557561562892e-17 0.7071067811865466
vn 0.23021144975504454 0.9455185755993168 0.23021144975504518
vn -0.23021144975504454 -0.9455185755993168 -0.23021144975504518
usemtl m_8f8d75e7-99e1-244a-6f2d-3b951e629454
f 52/148/37 55/147/37 53/146/37 50/145/37
f 51/152/38 52/151/38 50/150/38 49/149/38
f 56/156/39 51/155/39 49/154/39 54/153/39
f 55/160/40 56/159/40 54/158/40 53/157/40
f 54/164/41 49/163/41 50/162/41 53/161/41
f 55/168/42 52/167/42 51/166/42 56/165/42
o cube
v 0.08719039475029422 0.7043558214991359 -0.7771197818351105
v -0.13009894912654596 0.8101654716977122 -0.9944091257119514
v 0.06920512523818134 0.6304871827804392 -0.7951050513472235
v -0.14808421863865884 0.7362968329790156 -1.0123943952240644
v -0.969788251785573 0.8101654716977122 -0.15471982305292675
v -0.7524989079087329 0.7043558214991359 0.06256952082391387
v -0.9877735212976858 0.7362968329790156 -0.17270509256503952
v -0.7704841774208456 0.6304871827804392 0.044584251311801104
vt 0 1
vt 0.3750000000000004 1
vt 0.3750000000000004 0.9791666666666666
vt 0 0.9791666666666666
vt 0 1
vt 0.08750000000000036 1
vt 0.08750000000000036 0.9791666666666666
vt 0 0.9791666666666666
vt 0 1
vt 0.3750000000000004 1
vt 0.3750000000000004 0.9791666666666666
vt 0 0.9791666666666666
vt 0 0.5374999999999996
vt 0 0.625
vt 0.020833333333333353 0.625
vt 0.020833333333333353 0.5374999999999996
vt 0.2916666666666667 0.5260416666666667
vt 0.6875000000000003 0.5260416666666667
vt 0.6875000000000003 0.417708333333333
vt 0.2916666666666667 0.417708333333333
vt 0.2916666666666667 0.6458333333333333
vt 0.6875000000000003 0.6458333333333333
vt 0.6875000000000003 0.5374999999999996
vt 0.2916666666666667 0.5374999999999996
vn -0.6685825965441212 0.3255681544571568 -0.6685825965441231
vn 0.7071067811865486 2.775557561562892e-17 -0.7071067811865466
vn 0.6685825965441212 -0.3255681544571568 0.6685825965441231
vn -0.7071067811865486 -2.775557561562892e-17 0.7071067811865466
vn 0.23021144975504454 0.9455185755993168 0.23021144975504518
vn -0.23021144975504454 -0.9455185755993168 -0.23021144975504518
usemtl m_8f8d75e7-99e1-244a-6f2d-3b951e629454
f 60/172/43 63/171/43 61/170/43 58/169/43
f 59/176/44 60/175/44 58/174/44 57/173/44
f 64/180/45 59/179/45 57/178/45 62/177/45
f 63/184/46 64/183/46 62/182/46 61/181/46
f 62/188/47 57/187/47 58/186/47 61/185/47
f 63/192/48 60/191/48 59/190/48 64/189/48