# Made in Blockbench 4.12.5
mtllib catwalk_45_angled_3.mtl

o cube
v -1.178310764832902 0.8931247114589733 -2.042620941418318
v -1.4374923600079268 0.979432983665695 -2.3018025365933443
v -1.1884400867498925 0.8322885078051951 -2.0527502633353087
v -1.4476216819249172 0.918596780011917 -2.3119318585103343
v -2.3213758364911143 0.979432983665695 -1.4179190601101619
v -2.0621942413160896 0.8931247114589733 -1.1587374649351354
v -2.331505158408105 0.918596780011917 -1.428048382027152
v -2.07232356323308 0.8322885078051951 -1.1688667868521263
vt 0 1
vt 0.416666666666667 1
vt 0.416666666666667 0.9791666666666666
vt 0 0.9791666666666666
vt 0 1
vt 0.12552083333333375 1
vt 0.12552083333333375 0.9791666666666666
vt 0 0.9791666666666666
vt 0 1
vt 0.416666666666667 1
vt 0.416666666666667 0.9791666666666666
vt 0 0.9791666666666666
vt 0 0.625
vt 0.12552083333333375 0.625
vt 0.12552083333333375 0.6041666666666667
vt 0 0.6041666666666667
vt 0.10416666666666667 0.7708333333333334
vt 0.5208333333333337 0.7708333333333334
vt 0.5208333333333337 0.6453124999999995
vt 0.10416666666666667 0.6453124999999995
vt 0 0.875
vt 0.416666666666667 0.875
vt 0.416666666666667 0.7494791666666663
vt 0 0.7494791666666663
vn -0.6882830743237143 0.22920039092241412 -0.6882830743237182
vn 0.7071067811865497 2.775557561562892e-17 -0.7071067811865456
vn 0.6882830743237143 -0.22920039092241412 0.6882830743237182
vn -0.7071067811865497 -2.775557561562892e-17 0.7071067811865456
vn 0.16206915067184618 0.9733792584604486 0.1620691506718471
vn -0.16206915067184618 -0.9733792584604486 -0.1620691506718471
usemtl m_8f8d75e7-99e1-244a-6f2d-3b951e629454
f 4/4/1 7/3/1 5/2/1 2/1/1
f 3/8/2 4/7/2 2/6/2 1/5/2
f 8/12/3 3/11/3 1/10/3 6/9/3
f 7/16/4 8/15/4 6/14/4 5/13/4
f 6/20/5 1/19/5 2/18/5 5/17/5
f 7/24/6 4/23/6 3/22/6 8/21/6
o cube
v -0.7923280172047401 0.7498744671324643 -1.5682498461418353
v -1.0084919202345328 0.8218577149065353 -1.7844137491716288
v -0.8024573391217306 0.6890382634786862 -1.5783791680588257
v -1.0186212421515233 0.7610215112527572 -1.7945430710886192
v -1.89237539671772 0.8218577149065353 -0.9005302726884465
v -1.6762114936879273 0.7498744671324643 -0.684366369658653
v -1.9025047186347104 0.7610215112527572 -0.910659594605437
v -1.6863408156049178 0.6890382634786862 -0.6944956915756435
vt 0 1
vt 0.416666666666667 1
vt 0.416666666666667 0.9791666666666666
vt 0 0.9791666666666666
vt 0 1
vt 0.12552083333333375 1
vt 0.12552083333333375 0.9791666666666666
vt 0 0.9791666666666666
vt 0 1
vt 0.416666666666667 1
vt 0.416666666666667 0.9791666666666666
vt 0 0.9791666666666666
vt 0.4583333333333333 0.625
vt 0.5630208333333337 0.625
vt 0.5630208333333337 0.6041666666666667
vt 0.4583333333333333 0.6041666666666667
vt 0.5625 0.7708333333333334
vt 0.979166666666667 0.7708333333333334
vt 0.979166666666667 0.666145833333333
vt 0.5625 0.666145833333333
vt 0.4583333333333333 0.875
vt 0.8750000000000003 0.875
vt 0.8750000000000003 0.7703124999999996
vt 0.4583333333333333 0.7703124999999996
vn -0.6882830743237143 0.22920039092241412 -0.6882830743237182
vn 0.7071067811865497 2.775557561562892e-17 -0.7071067811865456
vn 0.6882830743237143 -0.22920039092241412 0.6882830743237182
vn -0.7071067811865497 -2.775557561562892e-17 0.7071067811865456
vn 0.16206915067184618 0.9733792584604486 0.1620691506718471
vn -0.16206915067184618 -0.9733792584604486 -0.1620691506718471
usemtl m_8f8d75e7-99e1-244a-6f2d-3b951e629454
f 12/28/7 15/27/7 13/26/7 10/25/7
f 11/32/8 12/31/8 10/30/8 9/29/8
f 16/36/9 11/35/9 9/34/9 14/33/9
f 15/40/10 16/39/10 14/38/10 13/37/10
f 14/44/11 9/43/11 10/42/11 13/41/11
f 15/48/12 12/47/12 11/46/12 16/45/12
o cube
v -0.31560395857040524 0.6352742716712573 -1.3566908304524532
v -0.5317678616001974 0.7072575194453282 -1.5728547334822471
v -0.3257332804873957 0.5744380680174792 -1.3668201523694437
v -0.5418971835171879 0.6464213157915502 -1.5829840553992376
v -1.4156513380833848 0.7072575194453282 -0.6889712569990645
v -1.1994874350535927 0.6352742716712573 -0.472807353969271
v -1.4257806600003753 0.6464213157915502 -0.6991005789160549
v -1.2096167569705831 0.5744380680174792 -0.48293667588626144
vt 0 1
vt 0.416666666666667 1
vt 0.416666666666667 0.9791666666666666
vt 0 0.9791666666666666
vt 0 1
vt 0.12552083333333375 1
vt 0.12552083333333375 0.9791666666666666
vt 0 0.9791666666666666
vt 0 1
vt 0.416666666666667 1
vt 0.416666666666667 0.9791666666666666
vt 0 0.9791666666666666
vt 0.4583333333333333 0.625
vt 0.5630208333333337 0.625
vt 0.5630208333333337 0.6041666666666667
vt 0.4583333333333333 0.6041666666666667
vt 0.583333333333333 0.6666666666666667
vt 1 0.6666666666666667
vt 1 0.5619791666666663
vt 0.583333333333333 0.5619791666666663
vt 0.47916666666666635 0.7708333333333334
vt 0.8958333333333334 0.7708333333333334
vt 0.8958333333333334 0.666145833333333
vt 0.47916666666666635 0.666145833333333
vn -0.6882830743237143 0.22920039092241412 -0.6882830743237182
vn 0.7071067811865497 2.775557561562892e-17 -0.7071067811865456
vn 0.6882830743237143 -0.22920039092241412 0.6882830743237182
vn -0.7071067811865497 -2.775557561562892e-17 0.7071067811865456
vn 0.16206915067184618 0.9733792584604486 0.1620691506718471
vn -0.16206915067184618 -0.9733792584604486 -0.1620691506718471
usemtl m_8f8d75e7-99e1-244a-6f2d-3b951e629454
f 20/52/13 23/51/13 21/50/13 18/49/13
f 19/56/14 20/55/14 18/54/14 17/53/14
f 24/60/15 19/59/15 17/58/15 22/57/15
f 23/64/16 24/63/16 22/62/16 21/61/16
f 22/68/17 17/67/17 18/66/17 21/65/17
f 23/72/18 20/71/18 19/70/18 24/69/18
o cube
v -0.14706263502625816 0.5349991006427011 -0.9229844639633493
v -0.36322653805605054 0.606982348416772 -1.1391483669931433
v -0.1571919569432486 0.474162896988923 -0.9331137858803398
v -0.373355859973041 0.546146144762994 -1.1492776889101337
v -1.247110014539238 0.606982348416772 -0.2552648905099606
v -1.0309461115094458 0.5349991006427011 -0.03910098748016688
v -1.2572393364562284 0.546146144762994 -0.26539421242695105
v -1.0410754334264363 0.474162896988923 -0.049230309397157335
vt 0 1
vt 0.416666666666667 1
vt 0.416666666666667 0.9791666666666666
vt 0 0.9791666666666666
vt 0 1
vt 0.12552083333333375 1
vt 0.12552083333333375 0.9791666666666666
vt 0 0.9791666666666666
vt 0 1
vt 0.416666666666667 1
vt 0.416666666666667 0.9791666666666666
vt 0 0.9791666666666666
vt 0.4583333333333333 0.625
vt 0.5630208333333337 0.625
vt 0.5630208333333337 0.6041666666666667
vt 0.4583333333333333 0.6041666666666667
vt 0.20833333333333304 0.6666666666666667
vt 0.625 0.6666666666666667
vt 0.625 0.5619791666666663
vt 0.20833333333333304 0.5619791666666663
vt 0.47916666666666635 0.7708333333333334
vt 0.8958333333333334 0.7708333333333334
vt 0.8958333333333334 0.666145833333333
vt 0.47916666666666635 0.666145833333333
vn -0.6882830743237143 0.22920039092241412 -0.6882830743237182
vn 0.7071067811865497 2.775557561562892e-17 -0.7071067811865456
vn 0.6882830743237143 -0.22920039092241412 0.6882830743237182
vn -0.7071067811865497 -2.775557561562892e-17 0.7071067811865456
vn 0.16206915067184618 0.9733792584604486 0.1620691506718471
vn -0.16206915067184618 -0.9733792584604486 -0.1620691506718471
usemtl m_8f8d75e7-99e1-244a-6f2d-3b951e629454
f 28/76/19 31/75/19 29/74/19 26/73/19
f 27/80/20 28/79/20 26/78/20 25/77/20
f 32/84/21 27/83/21 25/82/21 30/81/21
f 31/88/22 32/87/22 30/86/22 29/85/22
f 30/92/23 25/91/23 26/90/23 29/89/23
f 31/96/24 28/95/24 27/94/24 32/93/24
o cube
v -0.6886985245120875 0.4598378725562722 -0.3155718340210396
v -2.195393191898844 0.9615718533098696 -1.8222665014078048
v -0.7089571683460684 0.3381654652487161 -0.3358304778550205
v -2.215651835732825 0.8398994460023135 -1.8425251452417857
v -2.327975713371323 0.9615718533098696 -1.6896839799353265
v -0.8212810459845662 0.4598378725562722 -0.18298931254856154
v -2.3482343572053037 0.8398994460023135 -1.7099426237693074
v -0.8415396898185471 0.3381654652487161 -0.20324795638254245
vt 0 1
vt 0.06250000000000037 1
vt 0.06250000000000037 0.9583333333333333
vt 0 0.9583333333333333
vt 0 1
vt 0.7296875000000004 1
vt 0.7296875000000004 0.9583333333333333
vt 0 0.9583333333333333
vt 0 1
vt 0.06250000000000037 1
vt 0.06250000000000037 0.9583333333333333
vt 0 0.9583333333333333
vt 0 0.7291666666666667
vt 0.7296875000000004 0.7291666666666667
vt 0.7296875000000004 0.6875
vt 0 0.6875
vt 0 0.33333333333333304
vt 0 0.39583333333333337
vt 0.7296875000000004 0.39583333333333337
vt 0.7296875000000004 0.33333333333333304
vt 0 0.8124999999999997
vt 0 0.875
vt 0.7296875000000004 0.875
vt 0.7296875000000004 0.8124999999999997
vn -0.6882830743237143 0.22920039092241412 -0.6882830743237182
vn 0.7071067811865497 2.775557561562892e-17 -0.7071067811865456
vn 0.6882830743237143 -0.22920039092241412 0.6882830743237182
vn -0.7071067811865497 -2.775557561562892e-17 0.7071067811865456
vn 0.16206915067184618 0.9733792584604486 0.1620691506718471
vn -0.16206915067184618 -0.9733792584604486 -0.1620691506718471
usemtl m_8f8d75e7-99e1-244a-6f2d-3b951e629454
f 36/100/25 39/99/25 37/98/25 34/97/25
f 35/104/26 36/103/26 34/102/26 33/101/26
f 40/108/27 35/107/27 33/106/27 38/105/27
f 39/112/28 40/111/28 38/110/28 37/109/28
f 38/116/29 33/115/29 34/114/29 37/113/29
f 39/120/30 36/119/30 35/118/30 40/117/30
o cube
v -0.15836843862217564 0.4598378725562723 -0.8459019199109485
v -1.6650631060089323 0.9615718533098696 -2.3525965872977137
v -0.17862708245615633 0.33816546524871616 -0.8661605637449294
v -1.6853217498429132 0.8398994460023135 -2.3728552311316946
v -1.797645627481411 0.9615718533098696 -2.220014065825236
v -0.29095096009465415 0.4598378725562723 -0.7133193984384707
v -1.8179042713153915 0.8398994460023135 -2.2402727096592168
v -0.31120960392863506 0.33816546524871616 -0.7335780422724516
vt 0 1
vt 0.06250000000000037 1
vt 0.06250000000000037 0.9583333333333333
vt 0 0.9583333333333333
vt 0 1
vt 0.7296875000000004 1
vt 0.7296875000000004 0.9583333333333333
vt 0 0.9583333333333333
vt 0 1
vt 0.06250000000000037 1
vt 0.06250000000000037 0.9583333333333333
vt 0 0.9583333333333333
vt 0 0.625
vt 0.7296875000000004 0.625
vt 0.7296875000000004 0.5833333333333333
vt 0 0.5833333333333333
vt 0 0.6874999999999996
vt 0 0.75
vt 0.7296875000000004 0.75
vt 0.7296875000000004 0.6874999999999996
vt 0 0.8124999999999997
vt 0 0.875
vt 0.7296875000000004 0.875
vt 0.7296875000000004 0.8124999999999997
vn -0.6882830743237143 0.22920039092241412 -0.6882830743237182
vn 0.7071067811865497 2.775557561562892e-17 -0.7071067811865456
vn 0.6882830743237143 -0.22920039092241412 0.6882830743237182
vn -0.7071067811865497 -2.775557561562892e-17 0.7071067811865456
vn 0.16206915067184618 0.9733792584604486 0.1620691506718471
vn -0.16206915067184618 -0.9733792584604486 -0.1620691506718471
usemtl m_8f8d75e7-99e1-244a-6f2d-3b951e629454
f 44/124/31 47/123/31 45/122/31 42/121/31
f 43/128/32 44/127/32 42/126/32 41/125/32
f 48/132/33 43/131/33 41/130/33 46/129/33
f 47/136/34 48/135/34 46/134/34 45/133/34
f 46/140/35 41/139/35 42/138/35 45/137/35
f 47/144/36 44/143/36 43/142/36 48/141/36
o cube
v 1.397796574731597 -0.058369886294873524 0.7102630934428333
v -0.15944388092580708 0.46019599816708867 -0.8469773622145798
v 1.3775379308976166 -0.18004229360242963 0.6900044496088524
v -0.17970252475978776 0.33852359085953254 -0.8672360060485607
v -0.2920264023982858 0.46019599816708867 -0.7143948407421019
v 1.2652140532591185 -0.05836988629487353 0.8428456149153112
v -0.3122850462322665 0.33852359085953254 -0.7346534845760828
v 1.2449554094251378 -0.18004229360242963 0.8225869710813303
vt 0 1
vt 0.06250000000000037 1
vt 0.06250000000000037 0.9583333333333333
vt 0 0.9583333333333333
vt 0 1
vt 0.754166666666667 1
vt 0.754166666666667 0.9583333333333333
vt 0 0.9583333333333333
vt 0 1
vt 0.06250000000000037 1
vt 0.06250000000000037 0.9583333333333333
vt 0 0.9583333333333333
vt 0 0.625
vt 0.754166666666667 0.625
vt 0.754166666666667 0.5833333333333333
vt 0 0.5833333333333333
vt 0 0.6874999999999996
vt 0 0.75
vt 0.754166666666667 0.75
vt 0.754166666666667 0.6874999999999996
vt 0 0.8124999999999997
vt 0 0.875
vt 0.754166666666667 0.875
vt 0.754166666666667 0.8124999999999997
vn -0.6882830743237143 0.22920039092241412 -0.6882830743237182
vn 0.7071067811865497 2.775557561562892e-17 -0.7071067811865456
vn 0.6882830743237143 -0.22920039092241412 0.6882830743237182
vn -0.7071067811865497 -2.775557561562892e-17 0.7071067811865456
vn 0.16206915067184618 0.9733792584604486 0.1620691506718471
vn -0.16206915067184618 -0.9733792584604486 -0.1620691506718471
usemtl m_8f8d75e7-99e1-244a-6f2d-3b951e629454
f 52/148/37 55/147/37 53/146/37 50/145/37
f 51/152/38 52/151/38 50/150/38 49/149/38
f 56/156/39 51/155/39 49/154/39 54/153/39
f 55/160/40 56/159/40 54/158/40 53/157/40
f 54/164/41 49/163/41 50/162/41 53/161/41
f 55/168/42 52/167/42 51/166/42 56/165/42
o cube
v 0.8674664888416853 -0.05836988629487354 1.2405931793327423
v -0.6897739668157189 0.46019599816708867 -0.3166472763246708
v 0.8472078450077045 -0.18004229360242965 1.2203345354987614
v -0.7100326106496998 0.3385235908595325 -0.33690592015865173
v -0.8223564882881976 0.46019599816708867 -0.18406475485219276
v 0.7348839673692065 -0.05836988629487354 1.3731757008052203
v -0.8426151321221785 0.3385235908595325 -0.20432339868617366
v 0.7146253235352258 -0.18004229360242965 1.3529170569712394
vt 0 1
vt 0.06250000000000037 1
vt 0.06250000000000037 0.9583333333333333
vt 0 0.9583333333333333
vt 0 1
vt 0.754166666666667 1
vt 0.754166666666667 0.9583333333333333
vt 0 0.9583333333333333
vt 0 1
vt 0.06250000000000037 1
vt 0.06250000000000037 0.9583333333333333
vt 0 0.9583333333333333
vt 0 0.7291666666666667
vt 0.754166666666667 0.7291666666666667
vt 0.754166666666667 0.6875
vt 0 0.6875
vt 0 0.33333333333333304
vt 0 0.39583333333333337
vt 0.754166666666667 0.39583333333333337
vt 0.754166666666667 0.33333333333333304
vt 0 0.8124999999999997
vt 0 0.875
vt 0.754166666666667 0.875
vt 0.754166666666667 0.8124999999999997
vn -0.6882830743237143 0.22920039092241412 -0.6882830743237182
vn 0.7071067811865497 2.775557561562892e-17 -0.7071067811865456
vn 0.6882830743237143 -0.22920039092241412 0.6882830743237182
vn -0.7071067811865497 -2.775557561562892e-17 0.7071067811865456
vn 0.16206915067184618 0.9733792584604486 0.1620691506718471
vn -0.16206915067184618 -0.9733792584604486 -0.1620691506718471
usemtl m_8f8d75e7-99e1-244a-6f2d-3b951e629454
f 60/172/43 63/171/43 61/170/43 58/169/43
f 59/176/44 60/175/44 58/174/44 57/173/44
f 64/180/45 59/179/45 57/178/45 62/177/45
f 63/184/46 64/183/46 62/182/46 61/181/46
f 62/188/47 57/187/47 58/186/47 61/185/47
f 63/192/48 60/191/48 59/190/48 64/189/48
o cube
v 0.28664373146284494 0.43472392961414486 -0.7544431404191998
v 0.07047982843305256 0.5067071773882159 -0.9706070434489937
v 0.2765144095458545 0.3738877259603668 -0.7645724623361903
v 0.06035050651606211 0.44587097373443785 -0.9807363653659842
v -0.9017919956984536 0.5067071773882159 0.0016647806825069722
v -0.6856280926686612 0.43472392961414486 0.2178286837123009
v -0.911921317615444 0.44587097373443785 -0.00846454123448348
v -0.6957574145856517 0.3738877259603668 0.20769936179531046
vt 0 1
vt 0.416666666666667 1
vt 0.416666666666667 0.9791666666666666
vt 0 0.9791666666666666
vt 0 1
vt 0.12552083333333375 1
vt 0.12552083333333375 0.9791666666666666
vt 0 0.9791666666666666
vt 0 1
vt 0.416666666666667 1
vt 0.416666666666667 0.9791666666666666
vt 0 0.9791666666666666
vt 0.4583333333333333 0.625
vt 0.5630208333333337 0.625
vt 0.5630208333333337 0.6041666666666667
vt 0.4583333333333333 0.6041666666666667
vt 0.20833333333333304 0.6666666666666667
vt 0.6666666666666666 0.6666666666666667
vt 0.6666666666666666 0.5619791666666663
vt 0.20833333333333304 0.5619791666666663
vt 0.47916666666666635 0.7708333333333334
vt 0.9375 0.7708333333333334
vt 0.9375 0.666145833333333
vt 0.47916666666666635 0.666145833333333
vn -0.6882830743237143 0.22920039092241412 -0.6882830743237182
vn 0.7071067811865497 2.775557561562892e-17 -0.7071067811865456
vn 0.6882830743237143 -0.22920039092241412 0.6882830743237182
vn -0.7071067811865497 -2.775557561562892e-17 0.7071067811865456
vn 0.16206915067184618 0.9733792584604486 0.1620691506718471
vn -0.16206915067184618 -0.9733792584604486 -0.1620691506718471
usemtl m_8f8d75e7-99e1-244a-6f2d-3b951e629454
f 68/196/49 71/195/49 69/194/49 66/193/49
f 67/200/50 68/199/50 66/198/50 65/197/50
f 72/204/51 67/203/51 65/202/51 70/201/51
f 71/208/52 72/207/52 70/206/52 69/205/52
f 70/212/53 65/211/53 66/210/53 69/209/53
f 71/216/54 68/215/54 67/214/54 72/213/54
o cube
v 0.5423969209763835 0.3201237341529379 -0.3219132556090225
v 0.283215325801359 0.4064320063596597 -0.5810948507840485
v 0.532267599059393 0.25928753049915976 -0.33204257752601296
v 0.27308600388436854 0.3455958027058816 -0.591224172701039
v -0.5564739768576691 0.4064320063596597 0.25859445187497476
v -0.2972923816826446 0.3201237341529378 0.5177760470500008
v -0.5666032987746595 0.3455958027058816 0.2484651299579843
v -0.30742170359963505 0.25928753049915976 0.5076467251330103
vt 0 1
vt 0.416666666666667 1
vt 0.416666666666667 0.9791666666666666
vt 0 0.9791666666666666
vt 0 1
vt 0.12552083333333375 1
vt 0.12552083333333375 0.9791666666666666
vt 0 0.9791666666666666
vt 0 1
vt 0.416666666666667 1
vt 0.416666666666667 0.9791666666666666
vt 0 0.9791666666666666
vt 0.4583333333333333 0.625
vt 0.5838541666666671 0.625
vt 0.5838541666666671 0.6041666666666667
vt 0.4583333333333333 0.6041666666666667
vt 0.20833333333333304 0.6666666666666667
vt 0.6041666666666667 0.6666666666666667
vt 0.6041666666666667 0.541145833333333
vt 0.20833333333333304 0.541145833333333
vt 0.47916666666666635 0.7708333333333334
vt 0.875 0.7708333333333334
vt 0.875 0.6453124999999995
vt 0.47916666666666635 0.6453124999999995
vn -0.6882830743237143 0.22920039092241412 -0.6882830743237182
vn 0.7071067811865497 2.775557561562892e-17 -0.7071067811865456
vn 0.6882830743237143 -0.22920039092241412 0.6882830743237182
vn -0.7071067811865497 -2.775557561562892e-17 0.7071067811865456
vn 0.16206915067184618 0.9733792584604486 0.1620691506718471
vn -0.16206915067184618 -0.9733792584604486 -0.1620691506718471
usemtl m_8f8d75e7-99e1-244a-6f2d-3b951e629454
f 76/220/55 79/219/55 77/218/55 74/217/55
f 75/224/56 76/223/56 74/222/56 73/221/56
f 80/228/57 75/227/57 73/226/57 78/225/57
f 79/232/58 80/231/58 78/230/58 77/229/58
f 78/236/59 73/235/59 74/234/59 77/233/59
f 79/240/60 76/239/60 75/238/60 80/237/60
o cube
v 0.8458737293508629 0.24849861198968343 -0.19521314253117894
v 0.6727275184663026 0.30615683533110355 -0.3683593534157399
v 0.8357444074338725 0.18766240833590536 -0.2053424644481694
v 0.6625981965493122 0.24532063167732543 -0.37848867533273034
v -0.2995443056652035 0.3061568353311035 0.6039124707157606
v -0.12639809478064323 0.24849861198968343 0.7770586816003218
v -0.30967362758219397 0.24532063167732543 0.5937831487987701
v -0.13652741669763369 0.18766240833590536 0.7669293596833313
vt 0 1
vt 0.416666666666667 1
vt 0.416666666666667 0.9791666666666666
vt 0 0.9791666666666666
vt 0 1
vt 0.12552083333333375 1
vt 0.12552083333333375 0.9791666666666666
vt 0 0.9791666666666666
vt 0 1
vt 0.416666666666667 1
vt 0.416666666666667 0.9791666666666666
vt 0 0.9791666666666666
vt 0.4375 0.375
vt 0.5213541666666671 0.375
vt 0.5213541666666671 0.35416666666666663
vt 0.4375 0.35416666666666663
vt 0.1874999999999997 0.41666666666666663
vt 0.6458333333333334 0.41666666666666663
vt 0.6458333333333334 0.3328124999999996
vt 0.1874999999999997 0.3328124999999996
vt 0.45833333333333304 0.5208333333333333
vt 0.9166666666666666 0.5208333333333333
vt 0.9166666666666666 0.43697916666666625
vt 0.45833333333333304 0.43697916666666625
vn -0.6882830743237143 0.22920039092241412 -0.6882830743237182
vn 0.7071067811865497 2.775557561562892e-17 -0.7071067811865456
vn 0.6882830743237143 -0.22920039092241412 0.6882830743237182
vn -0.7071067811865497 -2.775557561562892e-17 0.7071067811865456
vn 0.16206915067184618 0.9733792584604486 0.1620691506718471
vn -0.16206915067184618 -0.9733792584604486 -0.1620691506718471
usemtl m_8f8d75e7-99e1-244a-6f2d-3b951e629454
f 84/244/61 87/243/61 85/242/61 82/241/61
f 83/248/62 84/247/62 82/246/62 81/245/62
f 88/252/63 83/251/63 81/250/63 86/249/63
f 87/256/64 88/255/64 86/254/64 85/253/64
f 86/260/65 81/259/65 82/258/65 85/257/65
f 87/264/66 84/263/66 83/262/66 88/261/66
o cube
v 1.4027507638810262 0.033623245499920185 0.5384405872956252
v 1.229604552996466 0.09128146884134028 0.3652943764110639
v 1.3926214419640357 -0.027212958153857894 0.5283112653786347
v 1.2194752310794756 0.030445265187562187 0.35516505449407343
v 0.25733272886495995 0.09128146884134025 1.3375662005425646
v 0.4304789397495202 0.033623245499920185 1.5107124114271258
v 0.2472034069479695 0.030445265187562187 1.3274368786255741
v 0.4203496178325298 -0.027212958153857908 1.5005830895101353
vt 0 1
vt 0.416666666666667 1
vt 0.416666666666667 0.9791666666666666
vt 0 0.9791666666666666
vt 0 1
vt 0.12552083333333375 1
vt 0.12552083333333375 0.9791666666666666
vt 0 0.9791666666666666
vt 0 1
vt 0.416666666666667 1
vt 0.416666666666667 0.9791666666666666
vt 0 0.9791666666666666
vt 0.4375 0.375
vt 0.5213541666666671 0.375
vt 0.5213541666666671 0.35416666666666663
vt 0.4375 0.35416666666666663
vt 0.1874999999999997 0.41666666666666663
vt 0.6458333333333334 0.41666666666666663
vt 0.6458333333333334 0.3328124999999996
vt 0.1874999999999997 0.3328124999999996
vt 0.45833333333333304 0.5208333333333333
vt 0.9166666666666666 0.5208333333333333
vt 0.9166666666666666 0.43697916666666625
vt 0.45833333333333304 0.43697916666666625
vn -0.6882830743237143 0.22920039092241412 -0.6882830743237182
vn 0.7071067811865497 2.775557561562892e-17 -0.7071067811865456
vn 0.6882830743237143 -0.22920039092241412 0.6882830743237182
vn -0.7071067811865497 -2.775557561562892e-17 0.7071067811865456
vn 0.16206915067184618 0.9733792584604486 0.1620691506718471
vn -0.16206915067184618 -0.9733792584604486 -0.1620691506718471
usemtl m_8f8d75e7-99e1-244a-6f2d-3b951e629454
f 92/268/67 95/267/67 93/266/67 90/265/67
f 91/272/68 92/271/68 90/270/68 89/269/68
f 96/276/69 91/275/69 89/274/69 94/273/69
f 95/280/70 96/279/70 94/278/70 93/277/70
f 94/284/71 89/283/71 90/282/71 93/281/71
f 95/288/72 92/287/72 91/286/72 96/285/72
o cube
v 1.1016269188644012 0.1338984165284764 0.23731674227899835
v 0.8424453236893767 0.22020668873519822 -0.021864852896027465
v 1.0914975969474108 0.0730622128746983 0.2271874203620079
v 0.8323160017723863 0.15937048508142015 -0.03199417481301792
v 0.0027560210303486654 0.22020668873519822 0.8178244497629958
v 0.2619376162053732 0.13389841652847637 1.0770060449380219
v -0.007373300886641787 0.15937048508142015 0.8076951278460054
v 0.2518082942883828 0.07306221287469827 1.0668767230210312
vt 0 1
vt 0.416666666666667 1
vt 0.416666666666667 0.9791666666666666
vt 0 0.9791666666666666
vt 0 1
vt 0.12552083333333375 1
vt 0.12552083333333375 0.9791666666666666
vt 0 0.9791666666666666
vt 0 1
vt 0.416666666666667 1
vt 0.416666666666667 0.9791666666666666
vt 0 0.9791666666666666
vt 0.4583333333333333 0.625
vt 0.5838541666666671 0.625
vt 0.5838541666666671 0.6041666666666667
vt 0.4583333333333333 0.6041666666666667
vt 0.20833333333333304 0.6666666666666667
vt 0.6041666666666667 0.6666666666666667
vt 0.6041666666666667 0.541145833333333
vt 0.20833333333333304 0.541145833333333
vt 0.47916666666666635 0.7708333333333334
vt 0.875 0.7708333333333334
vt 0.875 0.6453124999999995
vt 0.47916666666666635 0.6453124999999995
vn -0.6882830743237143 0.22920039092241412 -0.6882830743237182
vn 0.7071067811865497 2.775557561562892e-17 -0.7071067811865456
vn 0.6882830743237143 -0.22920039092241412 0.6882830743237182
vn -0.7071067811865497 -2.775557561562892e-17 0.7071067811865456
vn 0.16206915067184618 0.9733792584604486 0.1620691506718471
vn -0.16206915067184618 -0.9733792584604486 -0.1620691506718471
usemtl m_8f8d75e7-99e1-244a-6f2d-3b951e629454
f 100/292/73 103/291/73 101/290/73 98/289/73
f 99/296/74 100/295/74 98/294/74 97/293/74
f 104/300/75 99/299/75 97/298/75 102/297/75
f 103/304/76 104/303/76 102/302/76 101/301/76
f 102/308/77 97/307/77 98/306/77 101/305/77
f 103/312/78 100/311/78 99/310/78 104/309/78