# Made in Blockbench 4.12.5
mtllib catwalk_angled_3.mtl

o cube
v 1.2199685633041586 0.9276959165914223 -2.5532879806622324
v 1.2199685633041593 1.0076568409497206 -2.857000845852392
v 1.2199685633041586 0.8672555454093007 -2.5692006024250773
v 1.2199685633041593 0.9472164697675991 -2.8729134676152377
v -0.15503143669584352 1.007656840949721 -2.8570008458523954
v -0.15503143669584427 0.9276959165914225 -2.553287980662235
v -0.1550314366958435 0.9472164697675995 -2.8729134676152412
v -0.15503143669584424 0.8672555454093009 -2.569200602425081
vt 0 1
vt 0.416666666666667 1
vt 0.416666666666667 0.9791666666666666
vt 0 0.9791666666666666
vt 0 1
vt 0.12552083333333375 1
vt 0.12552083333333375 0.9791666666666666
vt 0 0.9791666666666666
vt 0 1
vt 0.416666666666667 1
vt 0.416666666666667 0.9791666666666666
vt 0 0.9791666666666666
vt 0.4583333333333333 0.625
vt 0.5630208333333337 0.625
vt 0.5630208333333337 0.6041666666666667
vt 0.4583333333333333 0.6041666666666667
vt 0.20833333333333304 0.6666666666666667
vt 0.6666666666666666 0.6666666666666667
vt 0.6666666666666666 0.5619791666666663
vt 0.20833333333333304 0.5619791666666663
vt 0.47916666666666635 0.7708333333333334
vt 0.9375 0.7708333333333334
vt 0.9375 0.666145833333333
vt 0.47916666666666635 0.666145833333333
vn 2.4172086650282222e-15 0.2546019482055277 -0.9670459389139433
vn 1 -2.0511588155653426e-16 2.4143181889724756e-15
vn -2.4172086650282222e-15 -0.2546019482055277 0.9670459389139433
vn -1 2.0511588155653426e-16 -2.4143181889724756e-15
vn -4.121682174540797e-16 0.9670459389139432 0.2546019482055275
vn 4.121682174540797e-16 -0.9670459389139432 -0.2546019482055275
usemtl m_8f8d75e7-99e1-244a-6f2d-3b951e629454
f 4/4/1 7/3/1 5/2/1 2/1/1
f 3/8/2 4/7/2 2/6/2 1/5/2
f 8/12/3 3/11/3 1/10/3 6/9/3
f 7/16/4 8/15/4 6/14/4 5/13/4
f 6/20/5 1/19/5 2/18/5 5/17/5
f 7/24/6 4/23/6 3/22/6 8/21/6
o cube
v 0.9699685633041492 -0.08233015828850257 1.0375785478680188
v 0.9699685633041546 0.5016630604079257 -1.1805830745158368
v 0.9699685633041492 -0.2032109006527455 1.005753304342328
v 0.9699685633041546 0.38078231804368284 -1.2124083180415275
v 0.7824685633041524 0.5016630604079257 -1.1805830745158372
v 0.7824685633041469 -0.08233015828850253 1.0375785478680184
v 0.7824685633041524 0.38078231804368284 -1.212408318041528
v 0.7824685633041469 -0.20321090065274547 1.0057533043423275
vt 0 1
vt 0.06250000000000037 1
vt 0.06250000000000037 0.9583333333333333
vt 0 0.9583333333333333
vt 0 1
vt 0.754166666666667 1
vt 0.754166666666667 0.9583333333333333
vt 0 0.9583333333333333
vt 0 1
vt 0.06250000000000037 1
vt 0.06250000000000037 0.9583333333333333
vt 0 0.9583333333333333
vt 0 0.625
vt 0.754166666666667 0.625
vt 0.754166666666667 0.5833333333333333
vt 0 0.5833333333333333
vt 0 0.6874999999999996
vt 0 0.75
vt 0.754166666666667 0.75
vt 0.754166666666667 0.6874999999999996
vt 0 0.8124999999999997
vt 0 0.875
vt 0.754166666666667 0.875
vt 0.754166666666667 0.8124999999999997
vn 2.4172086650282222e-15 0.2546019482055277 -0.9670459389139433
vn 1 -2.0511588155653426e-16 2.4143181889724756e-15
vn -2.4172086650282222e-15 -0.2546019482055277 0.9670459389139433
vn -1 2.0511588155653426e-16 -2.4143181889724756e-15
vn -4.121682174540797e-16 0.9670459389139432 0.2546019482055275
vn 4.121682174540797e-16 -0.9670459389139432 -0.2546019482055275
usemtl m_8f8d75e7-99e1-244a-6f2d-3b951e629454
f 12/28/7 15/27/7 13/26/7 10/25/7
f 11/32/8 12/31/8 10/30/8 9/29/8
f 16/36/9 11/35/9 9/34/9 14/33/9
f 15/40/10 16/39/10 14/38/10 13/37/10
f 14/44/11 9/43/11 10/42/11 13/41/11
f 15/48/12 12/47/12 11/46/12 16/45/12
o cube
v 0.21996856330414719 -0.0823301582885024 1.037578547868017
v 0.21996856330415265 0.501663060407926 -1.1805830745158385
v 0.21996856330414724 -0.20321090065274533 1.0057533043423261
v 0.2199685633041527 0.38078231804368295 -1.2124083180415293
v 0.032468563304152 0.501663060407926 -1.180583074515839
v 0.032468563304146526 -0.08233015828850236 1.0375785478680166
v 0.03246856330415206 0.38078231804368295 -1.2124083180415297
v 0.03246856330414658 -0.2032109006527453 1.0057533043423257
vt 0 1
vt 0.06250000000000037 1
vt 0.06250000000000037 0.9583333333333333
vt 0 0.9583333333333333
vt 0 1
vt 0.754166666666667 1
vt 0.754166666666667 0.9583333333333333
vt 0 0.9583333333333333
vt 0 1
vt 0.06250000000000037 1
vt 0.06250000000000037 0.9583333333333333
vt 0 0.9583333333333333
vt 0 0.7291666666666667
vt 0.754166666666667 0.7291666666666667
vt 0.754166666666667 0.6875
vt 0 0.6875
vt 0 0.33333333333333304
vt 0 0.39583333333333337
vt 0.754166666666667 0.39583333333333337
vt 0.754166666666667 0.33333333333333304
vt 0 0.8124999999999997
vt 0 0.875
vt 0.754166666666667 0.875
vt 0.754166666666667 0.8124999999999997
vn 2.4172086650282222e-15 0.2546019482055277 -0.9670459389139433
vn 1 -2.0511588155653426e-16 2.4143181889724756e-15
vn -2.4172086650282222e-15 -0.2546019482055277 0.9670459389139433
vn -1 2.0511588155653426e-16 -2.4143181889724756e-15
vn -4.121682174540797e-16 0.9670459389139432 0.2546019482055275
vn 4.121682174540797e-16 -0.9670459389139432 -0.2546019482055275
usemtl m_8f8d75e7-99e1-244a-6f2d-3b951e629454
f 20/52/13 23/51/13 21/50/13 18/49/13
f 19/56/14 20/55/14 18/54/14 17/53/14
f 24/60/15 19/59/15 17/58/15 22/57/15
f 23/64/16 24/63/16 22/62/16 21/61/16
f 22/68/17 17/67/17 18/66/17 21/65/17
f 23/72/18 20/71/18 19/70/18 24/69/18
o cube
v 0.21996856330415265 0.5012652448638546 -1.1790720652362852
v 0.21996856330415715 0.9790417132932905 -2.993794209979484
v 0.2199685633041527 0.3803845024996117 -1.2108973087619759
v 0.2199685633041572 0.8581609709290476 -3.0256194535051746
v 0.03246856330415648 0.9790417132932907 -2.9937942099794848
v 0.032468563304151994 0.5012652448638546 -1.1790720652362856
v 0.03246856330415653 0.8581609709290476 -3.0256194535051755
v 0.03246856330415205 0.3803845024996117 -1.2108973087619763
vt 0 1
vt 0.06250000000000037 1
vt 0.06250000000000037 0.9583333333333333
vt 0 0.9583333333333333
vt 0 1
vt 0.46927083333333425 1
vt 0.46927083333333425 0.9583333333333333
vt 0 0.9583333333333333
vt 0 1
vt 0.06250000000000037 1
vt 0.06250000000000037 0.9583333333333333
vt 0 0.9583333333333333
vt 0 0.7291666666666667
vt 0.46927083333333425 0.7291666666666667
vt 0.46927083333333425 0.6875
vt 0 0.6875
vt 0 0.33333333333333304
vt 0 0.39583333333333337
vt 0.46927083333333425 0.39583333333333337
vt 0.46927083333333425 0.33333333333333304
vt 0 0.8124999999999998
vt 0 0.875
vt 0.46927083333333425 0.875
vt 0.46927083333333425 0.8124999999999998
vn 2.4172086650282222e-15 0.2546019482055277 -0.9670459389139433
vn 1 -2.0511588155653426e-16 2.4143181889724756e-15
vn -2.4172086650282222e-15 -0.2546019482055277 0.9670459389139433
vn -1 2.0511588155653426e-16 -2.4143181889724756e-15
vn -4.121682174540797e-16 0.9670459389139432 0.2546019482055275
vn 4.121682174540797e-16 -0.9670459389139432 -0.2546019482055275
usemtl m_8f8d75e7-99e1-244a-6f2d-3b951e629454
f 28/76/19 31/75/19 29/74/19 26/73/19
f 27/80/20 28/79/20 26/78/20 25/77/20
f 32/84/21 27/83/21 25/82/21 30/81/21
f 31/88/22 32/87/22 30/86/22 29/85/22
f 30/92/23 25/91/23 26/90/23 29/89/23
f 31/96/24 28/95/24 27/94/24 32/93/24
o cube
v 0.9699685633041546 0.5012652448638544 -1.1790720652362834
v 0.9699685633041591 0.9790417132932905 -2.993794209979482
v 0.9699685633041546 0.3803845024996115 -1.210897308761974
v 0.9699685633041591 0.8581609709290474 -3.025619453505173
v 0.7824685633041569 0.9790417132932905 -2.993794209979483
v 0.7824685633041524 0.5012652448638546 -1.1790720652362838
v 0.7824685633041569 0.8581609709290474 -3.0256194535051737
v 0.7824685633041524 0.3803845024996116 -1.2108973087619745
vt 0 1
vt 0.06250000000000037 1
vt 0.06250000000000037 0.9583333333333333
vt 0 0.9583333333333333
vt 0 1
vt 0.46927083333333425 1
vt 0.46927083333333425 0.9583333333333333
vt 0 0.9583333333333333
vt 0 1
vt 0.06250000000000037 1
vt 0.06250000000000037 0.9583333333333333
vt 0 0.9583333333333333
vt 0 0.625
vt 0.46927083333333425 0.625
vt 0.46927083333333425 0.5833333333333333
vt 0 0.5833333333333333
vt 0 0.6874999999999993
vt 0 0.75
vt 0.46927083333333425 0.75
vt 0.46927083333333425 0.6874999999999993
vt 0 0.8124999999999993
vt 0 0.875
vt 0.46927083333333425 0.875
vt 0.46927083333333425 0.8124999999999993
vn 2.4172086650282222e-15 0.2546019482055277 -0.9670459389139433
vn 1 -2.0511588155653426e-16 2.4143181889724756e-15
vn -2.4172086650282222e-15 -0.2546019482055277 0.9670459389139433
vn -1 2.0511588155653426e-16 -2.4143181889724756e-15
vn -4.121682174540797e-16 0.9670459389139432 0.2546019482055275
vn 4.121682174540797e-16 -0.9670459389139432 -0.2546019482055275
usemtl m_8f8d75e7-99e1-244a-6f2d-3b951e629454
f 36/100/25 39/99/25 37/98/25 34/97/25
f 35/104/26 36/103/26 34/102/26 33/101/26
f 40/108/27 35/107/27 33/106/27 38/105/27
f 39/112/28 40/111/28 38/110/28 37/109/28
f 38/116/29 33/115/29 34/114/29 37/113/29
f 39/120/30 36/119/30 35/118/30 40/117/30
o cube
v 1.0949685633041506 0.13206482844914919 0.46873057844383803
v 1.0949685633041515 0.22793837457029348 0.10457734207155511
v 1.0949685633041506 0.07162445726702771 0.45281795668099256
v 1.0949685633041515 0.167498003388172 0.08866472030870964
v -0.09253143669585093 0.22793837457029376 0.10457734207155223
v -0.09253143669585184 0.13206482844914946 0.46873057844383514
v -0.0925314366958509 0.16749800338817222 0.08866472030870665
v -0.09253143669585182 0.07162445726702799 0.45281795668098956
vt 0 1
vt 0.416666666666667 1
vt 0.416666666666667 0.9791666666666666
vt 0 0.9791666666666666
vt 0 1
vt 0.12552083333333375 1
vt 0.12552083333333375 0.9791666666666666
vt 0 0.9791666666666666
vt 0 1
vt 0.416666666666667 1
vt 0.416666666666667 0.9791666666666666
vt 0 0.9791666666666666
vt 0.4583333333333333 0.625
vt 0.5838541666666671 0.625
vt 0.5838541666666671 0.6041666666666667
vt 0.4583333333333333 0.6041666666666667
vt 0.20833333333333304 0.6666666666666667
vt 0.6041666666666667 0.6666666666666667
vt 0.6041666666666667 0.541145833333333
vt 0.20833333333333304 0.541145833333333
vt 0.47916666666666635 0.7708333333333334
vt 0.875 0.7708333333333334
vt 0.875 0.6453124999999995
vt 0.47916666666666635 0.6453124999999995
vn 2.4172086650282222e-15 0.2546019482055277 -0.9670459389139433
vn 1 -2.0511588155653426e-16 2.4143181889724756e-15
vn -2.4172086650282222e-15 -0.2546019482055277 0.9670459389139433
vn -1 2.0511588155653426e-16 -2.4143181889724756e-15
vn -4.121682174540797e-16 0.9670459389139432 0.2546019482055275
vn 4.121682174540797e-16 -0.9670459389139432 -0.2546019482055275
usemtl m_8f8d75e7-99e1-244a-6f2d-3b951e629454
f 44/124/31 47/123/31 45/122/31 42/121/31
f 43/128/32 44/127/32 42/126/32 41/125/32
f 48/132/33 43/131/33 41/130/33 46/129/33
f 47/136/34 48/135/34 46/134/34 45/133/34
f 46/140/35 41/139/35 42/138/35 45/137/35
f 47/144/36 44/143/36 43/142/36 48/141/36
o cube
v 1.0949685633041526 0.3389289113661402 -0.31699424692374034
v 1.0949685633041535 0.43480245748728413 -0.6811474832960223
v 1.0949685633041526 0.2784885401840187 -0.3329068686865859
v 1.0949685633041535 0.3743620863051627 -0.6970601050588678
v -0.09253143669584901 0.43480245748728447 -0.6811474832960251
v -0.0925314366958499 0.33892891136614045 -0.31699424692374323
v -0.09253143669584898 0.37436208630516293 -0.6970601050588707
v -0.09253143669584987 0.2784885401840189 -0.3329068686865888
vt 0 1
vt 0.416666666666667 1
vt 0.416666666666667 0.9791666666666666
vt 0 0.9791666666666666
vt 0 1
vt 0.12552083333333375 1
vt 0.12552083333333375 0.9791666666666666
vt 0 0.9791666666666666
vt 0 1
vt 0.416666666666667 1
vt 0.416666666666667 0.9791666666666666
vt 0 0.9791666666666666
vt 0.4583333333333333 0.625
vt 0.5838541666666671 0.625
vt 0.5838541666666671 0.6041666666666667
vt 0.4583333333333333 0.6041666666666667
vt 0.20833333333333304 0.6666666666666667
vt 0.6041666666666667 0.6666666666666667
vt 0.6041666666666667 0.541145833333333
vt 0.20833333333333304 0.541145833333333
vt 0.47916666666666635 0.7708333333333334
vt 0.875 0.7708333333333334
vt 0.875 0.6453124999999995
vt 0.47916666666666635 0.6453124999999995
vn 2.4172086650282222e-15 0.2546019482055277 -0.9670459389139433
vn 1 -2.0511588155653426e-16 2.4143181889724756e-15
vn -2.4172086650282222e-15 -0.2546019482055277 0.9670459389139433
vn -1 2.0511588155653426e-16 -2.4143181889724756e-15
vn -4.121682174540797e-16 0.9670459389139432 0.2546019482055275
vn 4.121682174540797e-16 -0.9670459389139432 -0.2546019482055275
usemtl m_8f8d75e7-99e1-244a-6f2d-3b951e629454
f 52/148/37 55/147/37 53/146/37 50/145/37
f 51/152/38 52/151/38 50/150/38 49/149/38
f 56/156/39 51/155/39 49/154/39 54/153/39
f 55/160/40 56/159/40 54/158/40 53/157/40
f 54/164/41 49/163/41 50/162/41 53/161/41
f 55/168/42 52/167/42 51/166/42 56/165/42
o cube
v 1.0949685633041497 0.02067647610923079 0.8918131767186888
v 1.0949685633041504 0.08472477870468434 0.6485406827106478
v 1.0949685633041497 -0.039763895072890715 0.8759005549558432
v 1.0949685633041504 0.024284407522562834 0.6326280609478023
v -0.2800314366958522 0.08472477870468464 0.6485406827106445
v -0.2800314366958528 0.020676476109231096 0.8918131767186853
v -0.2800314366958521 0.02428440752256314 0.632628060947799
v -0.28003143669585273 -0.03976389507289041 0.8759005549558398
vt 0 1
vt 0.416666666666667 1
vt 0.416666666666667 0.9791666666666666
vt 0 0.9791666666666666
vt 0 1
vt 0.12552083333333375 1
vt 0.12552083333333375 0.9791666666666666
vt 0 0.9791666666666666
vt 0 1
vt 0.416666666666667 1
vt 0.416666666666667 0.9791666666666666
vt 0 0.9791666666666666
vt 0.4375 0.375
vt 0.5213541666666671 0.375
vt 0.5213541666666671 0.35416666666666663
vt 0.4375 0.35416666666666663
vt 0.1874999999999997 0.41666666666666663
vt 0.6458333333333334 0.41666666666666663
vt 0.6458333333333334 0.3328124999999996
vt 0.1874999999999997 0.3328124999999996
vt 0.45833333333333304 0.5208333333333333
vt 0.9166666666666666 0.5208333333333333
vt 0.9166666666666666 0.43697916666666625
vt 0.45833333333333304 0.43697916666666625
vn 2.4172086650282222e-15 0.2546019482055277 -0.9670459389139433
vn 1 -2.0511588155653426e-16 2.4143181889724756e-15
vn -2.4172086650282222e-15 -0.2546019482055277 0.9670459389139433
vn -1 2.0511588155653426e-16 -2.4143181889724756e-15
vn -4.121682174540797e-16 0.9670459389139432 0.2546019482055275
vn 4.121682174540797e-16 -0.9670459389139432 -0.2546019482055275
usemtl m_8f8d75e7-99e1-244a-6f2d-3b951e629454
f 60/172/43 63/171/43 61/170/43 58/169/43
f 59/176/44 60/175/44 58/174/44 57/173/44
f 64/180/45 59/179/45 57/178/45 62/177/45
f 63/184/46 64/183/46 62/182/46 61/181/46
f 62/188/47 57/187/47 58/186/47 61/185/47
f 63/192/48 60/191/48 59/190/48 64/189/48
o cube
v 1.2199685633041522 0.25936580255191294 -0.014792391013133122
v 1.2199685633041528 0.32341410514736607 -0.25806488502117264
v 1.2199685633041522 0.1989254313697914 -0.03070501277597848
v 1.2199685633041528 0.26297373396524454 -0.273977506784018
v -0.15503143669584993 0.32341410514736635 -0.25806488502117597
v -0.15503143669585054 0.2593658025519132 -0.014792391013136452
v -0.1550314366958499 0.26297373396524487 -0.27397750678402133
v -0.1550314366958505 0.19892543136979174 -0.03070501277598181
vt 0 1
vt 0.416666666666667 1
vt 0.416666666666667 0.9791666666666666
vt 0 0.9791666666666666
vt 0 1
vt 0.12552083333333375 1
vt 0.12552083333333375 0.9791666666666666
vt 0 0.9791666666666666
vt 0 1
vt 0.416666666666667 1
vt 0.416666666666667 0.9791666666666666
vt 0 0.9791666666666666
vt 0.4375 0.375
vt 0.5213541666666671 0.375
vt 0.5213541666666671 0.35416666666666663
vt 0.4375 0.35416666666666663
vt 0.1874999999999997 0.41666666666666663
vt 0.6458333333333334 0.41666666666666663
vt 0.6458333333333334 0.3328124999999996
vt 0.1874999999999997 0.3328124999999996
vt 0.45833333333333304 0.5208333333333333
vt 0.9166666666666666 0.5208333333333333
vt 0.9166666666666666 0.43697916666666625
vt 0.45833333333333304 0.43697916666666625
vn 2.4172086650282222e-15 0.2546019482055277 -0.9670459389139433
vn 1 -2.0511588155653426e-16 2.4143181889724756e-15
vn -2.4172086650282222e-15 -0.2546019482055277 0.9670459389139433
vn -1 2.0511588155653426e-16 -2.4143181889724756e-15
vn -4.121682174540797e-16 0.9670459389139432 0.2546019482055275
vn 4.121682174540797e-16 -0.9670459389139432 -0.2546019482055275
usemtl m_8f8d75e7-99e1-244a-6f2d-3b951e629454
f 68/196/49 71/195/49 69/194/49 66/193/49
f 67/200/50 68/199/50 66/198/50 65/197/50
f 72/204/51 67/203/51 65/202/51 70/201/51
f 71/208/52 72/207/52 70/206/52 69/205/52
f 70/212/53 65/211/53 66/210/53 69/209/53
f 71/216/54 68/215/54 67/214/54 72/213/54
o cube
v 1.2199685633041542 0.4662298854689036 -0.8005172163807104
v 1.219968563304155 0.5461908098272019 -1.10423008157087
v 1.2199685633041542 0.40578951428678206 -0.8164298381435557
v 1.219968563304155 0.48575043864508044 -1.1201427033337155
v -0.15503143669584785 0.5461908098272021 -1.1042300815708732
v -0.1550314366958486 0.4662298854689039 -0.8005172163807137
v -0.15503143669584782 0.48575043864508066 -1.120142703333719
v -0.15503143669584857 0.4057895142867824 -0.8164298381435591
vt 0 1
vt 0.416666666666667 1
vt 0.416666666666667 0.9791666666666666
vt 0 0.9791666666666666
vt 0 1
vt 0.12552083333333375 1
vt 0.12552083333333375 0.9791666666666666
vt 0 0.9791666666666666
vt 0 1
vt 0.416666666666667 1
vt 0.416666666666667 0.9791666666666666
vt 0 0.9791666666666666
vt 0.4583333333333333 0.625
vt 0.5630208333333337 0.625
vt 0.5630208333333337 0.6041666666666667
vt 0.4583333333333333 0.6041666666666667
vt 0.20833333333333304 0.6666666666666667
vt 0.6666666666666666 0.6666666666666667
vt 0.6666666666666666 0.5619791666666663
vt 0.20833333333333304 0.5619791666666663
vt 0.47916666666666635 0.7708333333333334
vt 0.9375 0.7708333333333334
vt 0.9375 0.666145833333333
vt 0.47916666666666635 0.666145833333333
vn 2.4172086650282222e-15 0.2546019482055277 -0.9670459389139433
vn 1 -2.0511588155653426e-16 2.4143181889724756e-15
vn -2.4172086650282222e-15 -0.2546019482055277 0.9670459389139433
vn -1 2.0511588155653426e-16 -2.4143181889724756e-15
vn -4.121682174540797e-16 0.9670459389139432 0.2546019482055275
vn 4.121682174540797e-16 -0.9670459389139432 -0.2546019482055275
usemtl m_8f8d75e7-99e1-244a-6f2d-3b951e629454
f 76/220/55 79/219/55 77/218/55 74/217/55
f 75/224/56 76/223/56 74/222/56 73/221/56
f 80/228/57 75/227/57 73/226/57 78/225/57
f 79/232/58 80/231/58 78/230/58 77/229/58
f 78/236/59 73/235/59 74/234/59 77/233/59
f 79/240/60 76/239/60 75/238/60 80/237/60
o cube
v 1.0324685633041548 0.5776182378088213 -1.2235998146555584
v 1.0324685633041555 0.6575791621671201 -1.5273126798457197
v 1.0324685633041548 0.5171778666266997 -1.2395124364184038
v 1.0324685633041555 0.5971387909849986 -1.543225301608565
v -0.2175314366958469 0.6575791621671203 -1.5273126798457228
v -0.21753143669584768 0.5776182378088215 -1.2235998146555616
v -0.21753143669584685 0.5971387909849988 -1.5432253016085682
v -0.21753143669584762 0.5171778666267 -1.239512436418407
vt 0 1
vt 0.416666666666667 1
vt 0.416666666666667 0.9791666666666666
vt 0 0.9791666666666666
vt 0 1
vt 0.12552083333333375 1
vt 0.12552083333333375 0.9791666666666666
vt 0 0.9791666666666666
vt 0 1
vt 0.416666666666667 1
vt 0.416666666666667 0.9791666666666666
vt 0 0.9791666666666666
vt 0.4583333333333333 0.625
vt 0.5630208333333337 0.625
vt 0.5630208333333337 0.6041666666666667
vt 0.4583333333333333 0.6041666666666667
vt 0.20833333333333304 0.6666666666666667
vt 0.625 0.6666666666666667
vt 0.625 0.5619791666666663
vt 0.20833333333333304 0.5619791666666663
vt 0.47916666666666635 0.7708333333333334
vt 0.8958333333333334 0.7708333333333334
vt 0.8958333333333334 0.666145833333333
vt 0.47916666666666635 0.666145833333333
vn 2.4172086650282222e-15 0.2546019482055277 -0.9670459389139433
vn 1 -2.0511588155653426e-16 2.4143181889724756e-15
vn -2.4172086650282222e-15 -0.2546019482055277 0.9670459389139433
vn -1 2.0511588155653426e-16 -2.4143181889724756e-15
vn -4.121682174540797e-16 0.9670459389139432 0.2546019482055275
vn 4.121682174540797e-16 -0.9670459389139432 -0.2546019482055275
usemtl m_8f8d75e7-99e1-244a-6f2d-3b951e629454
f 84/244/61 87/243/61 85/242/61 82/241/61
f 83/248/62 84/247/62 82/246/62 81/245/62
f 88/252/63 83/251/63 81/250/63 86/249/63
f 87/256/64 88/255/64 86/254/64 85/253/64
f 86/260/65 81/259/65 82/258/65 85/257/65
f 87/264/66 84/263/66 83/262/66 88/261/66
o cube
v 1.2199685633041564 0.6890065901487394 -1.646682412930408
v 1.219968563304157 0.7689675145070378 -1.9503952781205685
v 1.2199685633041564 0.6285662189666179 -1.6625950346932534
v 1.219968563304157 0.7085271433249165 -1.9663078998834138
v -0.03003143669584586 0.7689675145070383 -1.9503952781205716
v -0.03003143669584661 0.6890065901487397 -1.6466824129304112
v -0.030031436695845834 0.7085271433249167 -1.966307899883417
v -0.030031436695846583 0.6285662189666181 -1.6625950346932565
vt 0 1
vt 0.416666666666667 1
vt 0.416666666666667 0.9791666666666666
vt 0 0.9791666666666666
vt 0 1
vt 0.12552083333333375 1
vt 0.12552083333333375 0.9791666666666666
vt 0 0.9791666666666666
vt 0 1
vt 0.416666666666667 1
vt 0.416666666666667 0.9791666666666666
vt 0 0.9791666666666666
vt 0.4583333333333333 0.625
vt 0.5630208333333337 0.625
vt 0.5630208333333337 0.6041666666666667
vt 0.4583333333333333 0.6041666666666667
vt 0.583333333333333 0.6666666666666667
vt 1 0.6666666666666667
vt 1 0.5619791666666663
vt 0.583333333333333 0.5619791666666663
vt 0.47916666666666635 0.7708333333333334
vt 0.8958333333333334 0.7708333333333334
vt 0.8958333333333334 0.666145833333333
vt 0.47916666666666635 0.666145833333333
vn 2.4172086650282222e-15 0.2546019482055277 -0.9670459389139433
vn 1 -2.0511588155653426e-16 2.4143181889724756e-15
vn -2.4172086650282222e-15 -0.2546019482055277 0.9670459389139433
vn -1 2.0511588155653426e-16 -2.4143181889724756e-15
vn -4.121682174540797e-16 0.9670459389139432 0.2546019482055275
vn 4.121682174540797e-16 -0.9670459389139432 -0.2546019482055275
usemtl m_8f8d75e7-99e1-244a-6f2d-3b951e629454
f 92/268/67 95/267/67 93/266/67 90/265/67
f 91/272/68 92/271/68 90/270/68 89/269/68
f 96/276/69 91/275/69 89/274/69 94/273/69
f 95/280/70 96/279/70 94/278/70 93/277/70
f 94/284/71 89/283/71 90/282/71 93/281/71
f 95/288/72 92/287/72 91/286/72 96/285/72
o cube
v 1.032468563304157 0.8163075642515027 -2.1302053823873788
v 1.0324685633041577 0.8962684886098016 -2.43391824757754
v 1.032468563304157 0.7558671930693812 -2.1461180041502237
v 1.0324685633041577 0.83582811742768 -2.449830869340385
v -0.21753143669584468 0.896268488609802 -2.4339182475775427
v -0.2175314366958454 0.816307564251503 -2.1302053823873814
v -0.21753143669584463 0.8358281174276803 -2.4498308693403885
v -0.21753143669584535 0.7558671930693814 -2.1461180041502272
vt 0 1
vt 0.416666666666667 1
vt 0.416666666666667 0.9791666666666666
vt 0 0.9791666666666666
vt 0 1
vt 0.12552083333333375 1
vt 0.12552083333333375 0.9791666666666666
vt 0 0.9791666666666666
vt 0 1
vt 0.416666666666667 1
vt 0.416666666666667 0.9791666666666666
vt 0 0.9791666666666666
vt 0.4583333333333333 0.625
vt 0.5630208333333337 0.625
vt 0.5630208333333337 0.6041666666666667
vt 0.4583333333333333 0.6041666666666667
vt 0.5625 0.7708333333333334
vt 0.979166666666667 0.7708333333333334
vt 0.979166666666667 0.666145833333333
vt 0.5625 0.666145833333333
vt 0.4583333333333333 0.875
vt 0.8750000000000003 0.875
vt 0.8750000000000003 0.7703124999999996
vt 0.4583333333333333 0.7703124999999996
vn 2.4172086650282222e-15 0.2546019482055277 -0.9670459389139433
vn 1 -2.0511588155653426e-16 2.4143181889724756e-15
vn -2.4172086650282222e-15 -0.2546019482055277 0.9670459389139433
vn -1 2.0511588155653426e-16 -2.4143181889724756e-15
vn -4.121682174540797e-16 0.9670459389139432 0.2546019482055275
vn 4.121682174540797e-16 -0.9670459389139432 -0.2546019482055275
usemtl m_8f8d75e7-99e1-244a-6f2d-3b951e629454
f 100/292/73 103/291/73 101/290/73 98/289/73
f 99/296/74 100/295/74 98/294/74 97/293/74
f 104/300/75 99/299/75 97/298/75 102/297/75
f 103/304/76 104/303/76 102/302/76 101/301/76
f 102/308/77 97/307/77 98/306/77 101/305/77
f 103/312/78 100/311/78 99/310/78 104/309/78