# Made in Blockbench 4.12.3
mtllib eye_banner_3.mtl

o cube
v 0.5625 -1.0017744332921914 0.48117887351646993
v 0.4375 -1.0017744332921914 0.48117887351646993
v 0.4375 0.24703584368513098 0.42665463930979985
v 0.5625 0.24703584368513098 0.42665463930979985
v 0.5625 -0.9963220098715243 0.6060599012142021
v 0.5625 0.25248826710579797 0.5515356670075322
v 0.4375 -0.9963220098715243 0.6060599012142021
v 0.4375 0.25248826710579797 0.5515356670075322
vt 0.890625 0.5104166666666672
vt 0.90625 0.5104166666666672
vt 0.90625 0.7187500000000004
vt 0.890625 0.7187500000000004
vt 0.9218767091683677 0.7291647634523344
vt 0.9062516946175933 0.7291647634523344
vt 0.9062485725892507 0.520831054442177
vt 0.9218735871400252 0.520831054442177
vt 0.875 0.5520833333333337
vt 0.890625 0.5520833333333337
vt 0.890625 0.7604166666666672
vt 0.875 0.7604166666666672
vt 0.8906281220283422 0.5624996243231761
vt 0.9062531365791167 0.5624996243231761
vt 0.9062500145507743 0.7708333333333331
vt 0.8906249999999998 0.7708333333333333
vt 0.890625 0.8148148148148149
vt 0.90625 0.8148148148148149
vt 0.90625 0.8518518518518517
vt 0.890625 0.8518518518518517
vt 0.8828125 0.38888888888888895
vt 0.8984375 0.38888888888888895
vt 0.8984375 0.42592592592592593
vt 0.8828125 0.42592592592592593
vn 0 -0.043619387365336056 -0.9990482215818579
vn 1 0 0
vn 0 0.04361938736533589 0.9990482215818579
vn -1 0 0
vn 0 0.9990482215818579 -0.04361938736533584
vn 0 -0.9990482215818577 0.0436193873653368
usemtl m_923f43d7-719b-673c-c0f5-c719c7087fc0
f 1/1/1 2/2/1 3/3/1 4/4/1
f 5/5/2 1/6/2 4/7/2 6/8/2
f 7/9/3 5/10/3 6/11/3 8/12/3
f 2/13/4 7/14/4 8/15/4 3/16/4
f 8/17/5 6/18/5 4/19/5 3/20/5
f 2/21/6 1/22/6 5/23/6 7/24/6
o cube
v 0.5625 0.24703584368513098 0.42665463930979985
v 0.4375 0.24703584368513098 0.42665463930979985
v 0.4375 2.18269177299998 0.34214207628946136
v 0.5625 2.18269177299998 0.34214207628946136
v 0.5625 0.25248826710579797 0.5515356670075322
v 0.5625 2.1881441964206476 0.4670231039871936
v 0.4375 0.25248826710579797 0.5515356670075322
v 0.4375 2.1881441964206476 0.4670231039871936
vt 0.9140625 0.4895833333333338
vt 0.9296875 0.4895833333333338
vt 0.9296875 0.8125000000000006
vt 0.9140625 0.8125000000000006
vt 0.8906273771413968 0.7968718833558329
vt 0.8750023625906224 0.796871883355833
vt 0.8749976625168744 0.4739551638114715
vt 0.8906226770676489 0.4739551638114715
vt 0.8984375 0.4895833333333338
vt 0.9140625 0.4895833333333338
vt 0.9140625 0.8125000000000006
vt 0.8984375 0.8125000000000006
vt 0.9453172000737476 0.48958328045563826
vt 0.9609422146245221 0.48958328045563815
vt 0.9609375145507741 0.8124999999999998
vt 0.9453124999999997 0.8124999999999997
vt 0.921875 0.4814814814814813
vt 0.9375 0.4814814814814813
vt 0.9375 0.5185185185185188
vt 0.921875 0.5185185185185188
vt 0.9375 0.6296296296296295
vt 0.953125 0.6296296296296295
vt 0.953125 0.6666666666666667
vt 0.9375 0.6666666666666667
vn 0 -0.043619387365336 -0.9990482215818578
vn 1 0 0
vn 0 0.04361938736533605 0.9990482215818578
vn -1 0 0
vn 0 0.9990482215818577 -0.04361938736533943
vn 0 -0.9990482215818579 0.04361938736533584
usemtl m_923f43d7-719b-673c-c0f5-c719c7087fc0
f 9/25/7 10/26/7 11/27/7 12/28/7
f 13/29/8 9/30/8 12/31/8 14/32/8
f 15/33/9 13/34/9 14/35/9 16/36/9
f 10/37/10 15/38/10 16/39/10 11/40/10
f 16/41/11 14/42/11 12/43/11 11/44/11
f 10/45/12 9/46/12 13/47/12 15/48/12
o cube
v 1.75 1.9302035058941822 0.29060640928192927
v -0.75 1.9302035058941822 0.29060640928192927
v -0.75 2.0550845335919146 0.2851539858612623
v 1.75 2.0550845335919146 0.2851539858612623
v 1.75 1.9356559293148496 0.4154874369796615
v 1.75 2.0605369570125815 0.4100350135589945
v -0.75 1.9356559293148496 0.4154874369796615
v -0.75 2.0605369570125815 0.4100350135589945
vt 0.8906250000000001 0.9375000000000003
vt 0.8906250000000001 0.5208333333333337
vt 0.9062500000000002 0.5208333333333337
vt 0.9062500000000001 0.9375000000000003
vt 0.9296875 0.6666666666666667
vt 0.9453125 0.6666666666666667
vt 0.9453125 0.7037037037037037
vt 0.9296875 0.7037037037037037
vt 0.8906250000000001 0.9375000000000003
vt 0.8906250000000001 0.5208333333333337
vt 0.9062500000000002 0.5208333333333337
vt 0.9062500000000001 0.9375000000000003
vt 0.921875 0.5555555555555556
vt 0.9375 0.5555555555555556
vt 0.9375 0.5925925925925926
vt 0.921875 0.5925925925925926
vt 0.8984375 0.5208333333333337
vt 0.8984375 0.9375000000000003
vt 0.8828125 0.9375000000000003
vt 0.8828125 0.5208333333333337
vt 0.8828125 0.9375000000000003
vt 0.8828125 0.5208333333333337
vt 0.8984375 0.5208333333333337
vt 0.8984375 0.9375000000000003
vn 0 -0.04361938736533584 -0.9990482215818579
vn 1 0 0
vn 0 0.043619387365336 0.9990482215818579
vn -1 0 0
vn 0 0.9990482215818579 -0.04361938736533588
vn 0 -0.9990482215818576 0.04361938736533942
usemtl m_923f43d7-719b-673c-c0f5-c719c7087fc0
f 17/49/13 18/50/13 19/51/13 20/52/13
f 21/53/14 17/54/14 20/55/14 22/56/14
f 23/57/15 21/58/15 22/59/15 24/60/15
f 18/61/16 23/62/16 24/63/16 19/64/16
f 24/65/17 22/66/17 20/67/17 19/68/17
f 18/69/18 17/70/18 21/71/18 23/72/18
o cube
v 0.4890058390117894 1.6373138474902045 0.3594363623416693
v -0.3332252041758804 1.9362966364330507 0.34638249186300807
v -0.29047268626017186 2.05364641663677 0.34125888980920704
v 0.531758356927498 1.7546636276939238 0.3543127602878683
v 0.4890058390117894 1.6400400592005377 0.4218768761905354
v 0.531758356927498 1.7573898394042575 0.41675327413673435
v -0.3332252041758804 1.9390228481433844 0.40882300571187413
v -0.29047268626017186 2.0563726283471038 0.4036994036580731
vt 0.9316408823985716 0.8307292719019449
vt 0.9316408823985716 0.6848958420731077
vt 0.9472658830977136 0.6848953716716333
vt 0.9472658830977135 0.8307288015004705
vt 0.9296875 0.6666666666666667
vt 0.9453125 0.6666666666666667
vt 0.9453125 0.7037037037037037
vt 0.9296875 0.7037037037037037
vt 0.8671874999999996 0.8437495295985254
vt 0.8671874999999994 0.6979160997696884
vt 0.8828125006991414 0.6979165701711628
vt 0.8828125006991415 0.84375
vt 0.921875 0.5555555555555556
vt 0.9375 0.5555555555555556
vt 0.9375 0.5925925925925926
vt 0.921875 0.5925925925925926
vt 0.8925783830977129 0.7057293012434656
vt 0.8925783830977129 0.8515626052352782
vt 0.8847655254543452 0.8515622440596103
vt 0.8847655254543452 0.7057289400677977
vt 0.8984375000000002 0.8437500000000002
vt 0.8984375000000003 0.6979166960081877
vt 0.906250357643368 0.6979163348325199
vt 0.906250357643368 0.8437496388243324
vn -6.344131569286623e-17 -0.04361938736533593 -0.9990482215818578
vn 0.9396926207859082 -0.3416946159346819 0.014918709118468858
vn 3.568574007723714e-17 0.043619387365335806 0.9990482215818578
vn -0.9396926207859082 0.34169461593468187 -0.014918709118471285
vn 0.3420201433256687 0.9387982416297568 -0.040988816430411516
vn -0.3420201433256687 -0.938798241629757 0.04098881643040494
usemtl m_923f43d7-719b-673c-c0f5-c719c7087fc0
f 25/73/19 26/74/19 27/75/19 28/76/19
f 29/77/20 25/78/20 28/79/20 30/80/20
f 31/81/21 29/82/21 30/83/21 32/84/21
f 26/85/22 31/86/22 32/87/22 27/88/22
f 32/89/23 30/90/23 28/91/23 27/92/23
f 26/93/24 25/94/24 29/95/24 31/96/24
o cube
v 1.3332252041758805 1.9362966364330507 0.34638249186300807
v 0.5109941609882105 1.6373138474902045 0.3594363623416693
v 0.46824164307250205 1.7546636276939238 0.3543127602878683
v 1.2904726862601719 2.05364641663677 0.34125888980920704
v 1.3332252041758805 1.9390228481433844 0.40882300571187413
v 1.2904726862601719 2.0563726283471038 0.4036994036580731
v 0.5109941609882105 1.6400400592005377 0.4218768761905354
v 0.46824164307250205 1.7573898394042575 0.41675327413673435
vt 0.8828125 0.8541661962651927
vt 0.8828125 0.7083327664363557
vt 0.8984375006991421 0.7083332368378301
vt 0.8984375006991421 0.8541666666666673
vt 0.9218749999999999 0.5833333333333339
vt 0.9218749999999999 0.572915864822529
vt 0.9375004223575307 0.572915816492916
vt 0.9375004586047405 0.5833322444588189
vt 0.9062500389261501 0.822916997246112
vt 0.9062500389261502 0.6770835674172748
vt 0.9218750396252922 0.6770830970158004
vt 0.9218750396252922 0.8229165268446375
vt 0.9375000362472097 0.6770827218603455
vt 0.9453131376303134 0.6770827218603455
vt 0.9453123209744271 0.6979166666666663
vt 0.9374999999999999 0.6979166183370532
vt 0.9296870826822741 0.6979164667373083
vt 0.9296870826822741 0.8437497707291209
vt 0.9218749999999998 0.8437500000000003
vt 0.9218749999999998 0.6979166960081878
vt 0.8671879569430181 0.8333334346418999
vt 0.8671879569430181 0.6875001306500874
vt 0.8750000396252924 0.6875003599209668
vt 0.8750000396252924 0.8333336639127794
vn 6.740639792367037e-17 -0.043619387365335924 -0.9990482215818578
vn 0.939692620785908 0.3416946159346826 -0.01491870911847132
vn -9.51619735392993e-17 0.043619387365335945 0.9990482215818578
vn -0.939692620785909 -0.3416946159346801 0.014918709118468777
vn -0.34202014332566877 0.9387982416297568 -0.04098881643041152
vn 0.34202014332566866 -0.9387982416297569 0.04098881643041202
usemtl m_923f43d7-719b-673c-c0f5-c719c7087fc0
f 33/97/25 34/98/25 35/99/25 36/100/25
f 37/101/26 33/102/26 36/103/26 38/104/26
f 39/105/27 37/106/27 38/107/27 40/108/27
f 34/109/28 39/110/28 40/111/28 35/112/28
f 40/113/29 38/114/29 36/115/29 35/116/29
f 34/117/30 33/118/30 37/119/30 39/120/30
o cube
v -0.125 1.9139118245043827 0.27567783374729615
v -0.1875 1.9139118245043827 0.27567783374729615
v -0.1875 2.0700131091265477 0.2688623044714624
v -0.125 2.0700131091265477 0.2688623044714624
v -0.125 1.920727353780216 0.4317791183694615
v -0.125 2.0768286384023815 0.42496358909362764
v -0.1875 1.920727353780216 0.4317791183694615
v -0.1875 2.0768286384023815 0.42496358909362764
vt 0.671875 0.7962962962962963
vt 0.6796875 0.7962962962962963
vt 0.6796875 0.8425925925925927
vt 0.671875 0.8425925925925927
vt 0.6640625 0.8055555555555555
vt 0.67578125 0.8055555555555555
vt 0.67578125 0.8518518518518517
vt 0.6640625 0.8518518518518517
vt 0.6640625 0.8425925925925927
vt 0.671875 0.8425925925925927
vt 0.671875 0.8888888888888888
vt 0.6640625 0.8888888888888888
vt 0.6640625 0.8981481481481483
vt 0.67578125 0.8981481481481483
vt 0.67578125 0.9444444444444445
vt 0.6640625 0.9444444444444445
vt 0.6640625 0.8055555555555555
vt 0.671875 0.8055555555555555
vt 0.671875 0.8518518518518517
vt 0.6640625 0.8518518518518517
vt 0.6640625 0.7870370370370371
vt 0.671875 0.7870370370370371
vt 0.671875 0.8333333333333334
vt 0.6640625 0.8333333333333334
vn 0 -0.043619387365335965 -0.9990482215818579
vn 1 0 0
vn 0 0.043619387365336555 0.9990482215818579
vn -1 0 0
vn 0 0.9990482215818577 -0.04361938736533661
vn 0 -0.9990482215818579 0.043619387365333745
usemtl m_923f43d7-719b-673c-c0f5-c719c7087fc0
f 41/121/31 42/122/31 43/123/31 44/124/31
f 45/125/32 41/126/32 44/127/32 46/128/32
f 47/129/33 45/130/33 46/131/33 48/132/33
f 42/133/34 47/134/34 48/135/34 43/136/34
f 48/137/35 46/138/35 44/139/35 43/140/35
f 42/141/36 41/142/36 45/143/36 47/144/36
o cube
v 0.25 1.9139118245043827 0.27567783374729615
v 0.1875 1.9139118245043827 0.27567783374729615
v 0.1875 2.0700131091265477 0.2688623044714624
v 0.25 2.0700131091265477 0.2688623044714624
v 0.25 1.920727353780216 0.4317791183694615
v 0.25 2.0768286384023815 0.42496358909362764
v 0.1875 1.920727353780216 0.4317791183694615
v 0.1875 2.0768286384023815 0.42496358909362764
vt 0.671875 0.7997685185185185
vt 0.6796875 0.7997685185185185
vt 0.6796875 0.8460648148148149
vt 0.671875 0.8460648148148149
vt 0.6640625 0.7777777777777778
vt 0.67578125 0.7777777777777778
vt 0.67578125 0.824074074074074
vt 0.6640625 0.824074074074074
vt 0.6640625 0.800925925925926
vt 0.671875 0.800925925925926
vt 0.671875 0.8472222222222222
vt 0.6640625 0.8472222222222222
vt 0.6640625 0.8564814814814815
vt 0.67578125 0.8564814814814815
vt 0.67578125 0.9027777777777778
vt 0.6640625 0.9027777777777778
vt 0.6640625 0.7777777777777778
vt 0.671875 0.7777777777777778
vt 0.671875 0.824074074074074
vt 0.6640625 0.824074074074074
vt 0.671875 0.832175925925926
vt 0.6796875 0.832175925925926
vt 0.6796875 0.8784722222222222
vt 0.671875 0.8784722222222222
vn 0 -0.043619387365335965 -0.9990482215818579
vn 1 0 0
vn 0 0.043619387365336555 0.9990482215818579
vn -1 0 0
vn 0 0.9990482215818577 -0.04361938736533661
vn 0 -0.9990482215818579 0.043619387365333745
usemtl m_923f43d7-719b-673c-c0f5-c719c7087fc0
f 49/145/37 50/146/37 51/147/37 52/148/37
f 53/149/38 49/150/38 52/151/38 54/152/38
f 55/153/39 53/154/39 54/155/39 56/156/39
f 50/157/40 55/158/40 56/159/40 51/160/40
f 56/161/41 54/162/41 52/163/41 51/164/41
f 50/165/42 49/166/42 53/167/42 55/168/42
o cube
v 0.625 1.9139118245043827 0.27567783374729615
v 0.5625 1.9139118245043827 0.27567783374729615
v 0.5625 2.0700131091265477 0.2688623044714624
v 0.625 2.0700131091265477 0.2688623044714624
v 0.625 1.920727353780216 0.4317791183694615
v 0.625 2.0768286384023815 0.42496358909362764
v 0.5625 1.920727353780216 0.4317791183694615
v 0.5625 2.0768286384023815 0.42496358909362764
vt 0.671875 0.7858796296296297
vt 0.6796875 0.7858796296296297
vt 0.6796875 0.832175925925926
vt 0.671875 0.832175925925926
vt 0.6640625 0.8055555555555555
vt 0.67578125 0.8055555555555555
vt 0.67578125 0.8518518518518517
vt 0.6640625 0.8518518518518517
vt 0.6640625 0.8425925925925927
vt 0.671875 0.8425925925925927
vt 0.671875 0.8888888888888888
vt 0.6640625 0.8888888888888888
vt 0.6640625 0.8981481481481483
vt 0.67578125 0.8981481481481483
vt 0.67578125 0.9444444444444445
vt 0.6640625 0.9444444444444445
vt 0.6640625 0.8055555555555555
vt 0.671875 0.8055555555555555
vt 0.671875 0.8518518518518517
vt 0.6640625 0.8518518518518517
vt 0.6640625 0.7870370370370371
vt 0.671875 0.7870370370370371
vt 0.671875 0.8333333333333334
vt 0.6640625 0.8333333333333334
vn 0 -0.043619387365335965 -0.9990482215818579
vn 1 0 0
vn 0 0.043619387365336555 0.9990482215818579
vn -1 0 0
vn 0 0.9990482215818577 -0.04361938736533661
vn 0 -0.9990482215818579 0.043619387365333745
usemtl m_923f43d7-719b-673c-c0f5-c719c7087fc0
f 57/169/43 58/170/43 59/171/43 60/172/43
f 61/173/44 57/174/44 60/175/44 62/176/44
f 63/177/45 61/178/45 62/179/45 64/180/45
f 58/181/46 63/182/46 64/183/46 59/184/46
f 64/185/47 62/186/47 60/187/47 59/188/47
f 58/189/48 57/190/48 61/191/48 63/192/48
o cube
v 1.0625 1.9139118245043827 0.27567783374729615
v 1 1.9139118245043827 0.27567783374729615
v 1 2.0700131091265477 0.2688623044714624
v 1.0625 2.0700131091265477 0.2688623044714624
v 1.0625 1.920727353780216 0.4317791183694615
v 1.0625 2.0768286384023815 0.42496358909362764
v 1 1.920727353780216 0.4317791183694615
v 1 2.0768286384023815 0.42496358909362764
vt 0.671875 0.7824074074074073
vt 0.6796875 0.7824074074074073
vt 0.6796875 0.8287037037037037
vt 0.671875 0.8287037037037037
vt 0.6640625 0.8055555555555555
vt 0.67578125 0.8055555555555555
vt 0.67578125 0.8518518518518517
vt 0.6640625 0.8518518518518517
vt 0.6640625 0.800925925925926
vt 0.671875 0.800925925925926
vt 0.671875 0.8472222222222222
vt 0.6640625 0.8472222222222222
vt 0.6640625 0.8564814814814815
vt 0.67578125 0.8564814814814815
vt 0.67578125 0.9027777777777778
vt 0.6640625 0.9027777777777778
vt 0.6640625 0.8055555555555555
vt 0.671875 0.8055555555555555
vt 0.671875 0.8518518518518517
vt 0.6640625 0.8518518518518517
vt 0.6640625 0.7870370370370371
vt 0.671875 0.7870370370370371
vt 0.671875 0.8333333333333334
vt 0.6640625 0.8333333333333334
vn 0 -0.043619387365335965 -0.9990482215818579
vn 1 0 0
vn 0 0.043619387365336555 0.9990482215818579
vn -1 0 0
vn 0 0.9990482215818577 -0.04361938736533661
vn 0 -0.9990482215818579 0.043619387365333745
usemtl m_923f43d7-719b-673c-c0f5-c719c7087fc0
f 65/193/49 66/194/49 67/195/49 68/196/49
f 69/197/50 65/198/50 68/199/50 70/200/50
f 71/201/51 69/202/51 70/203/51 72/204/51
f 66/205/52 71/206/52 72/207/52 67/208/52
f 72/209/53 70/210/53 68/211/53 67/212/53
f 66/213/54 65/214/54 69/215/54 71/216/54
o cube
v 1.375 1.9139118245043827 0.27567783374729615
v 1.3125 1.9139118245043827 0.27567783374729615
v 1.3125 2.0700131091265477 0.2688623044714624
v 1.375 2.0700131091265477 0.2688623044714624
v 1.375 1.920727353780216 0.4317791183694615
v 1.375 2.0768286384023815 0.42496358909362764
v 1.3125 1.920727353780216 0.4317791183694615
v 1.3125 2.0768286384023815 0.42496358909362764
vt 0.6640625 0.8072916666666672
vt 0.671875 0.8072916666666672
vt 0.671875 0.8333333333333338
vt 0.6640625 0.8333333333333338
vt 0.6640624999999998 0.8437499999999999
vt 0.6640624999999998 0.8177075285749345
vt 0.6796868483664114 0.8177074831596713
vt 0.6796874999999998 0.8437489593238263
vt 0.6640625 0.8489583333333338
vt 0.671875 0.8489583333333338
vt 0.671875 0.8750000000000006
vt 0.6640625 0.8750000000000006
vt 0.6640625272482682 0.9114574831596711
vt 0.6796874999999998 0.9114574831596711
vt 0.6796868756146798 0.9374999999999998
vt 0.6640624999999998 0.9374989139085629
vt 0.671875 0.8437500000000002
vt 0.6640625 0.8437500000000002
vt 0.6640625 0.8177083333333336
vt 0.671875 0.8177083333333336
vt 0.6640625 0.7968750000000002
vt 0.671875 0.7968750000000002
vt 0.671875 0.822916666666667
vt 0.6640625 0.822916666666667
vn 0 -0.043619387365335965 -0.9990482215818579
vn 1 0 0
vn 0 0.043619387365336555 0.9990482215818579
vn -1 0 0
vn 0 0.9990482215818577 -0.04361938736533661
vn 0 -0.9990482215818579 0.043619387365333745
usemtl m_923f43d7-719b-673c-c0f5-c719c7087fc0
f 73/217/55 74/218/55 75/219/55 76/220/55
f 77/221/56 73/222/56 76/223/56 78/224/56
f 79/225/57 77/226/57 78/227/57 80/228/57
f 74/229/58 79/230/58 80/231/58 75/232/58
f 80/233/59 78/234/59 76/235/59 75/236/59
f 74/237/60 73/238/60 77/239/60 79/240/60
o cube
v 1.484375 1.9375 0.3125
v 1.484375 1.9375 0.3125
v 1.484375 0.1875 0.3125
v 1.484375 0.1875 0.3125
v -0.515625 1.9375 0.3125
v -0.515625 1.9375 0.3125
v -0.515625 0.1875 0.3125
v -0.515625 0.1875 0.3125
vt 0.0234375 0.9479166666666666
vt 0.2578125 0.9479166666666666
vt 0.2578125 0.6875
vt 0.0234375 0.6875
vt 0.0234375 0.9479166666666666
vt 0.0234375 0.9479166666666666
vt 0.0234375 0.7604166666666666
vt 0.0234375 0.7604166666666666
vt 0.5390625 0.9479166666666666
vt 0.3046875 0.9479166666666666
vt 0.3046875 0.6875
vt 0.5390625 0.6875
vt 0.0234375 0.9479166666666666
vt 0.0234375 0.9479166666666666
vt 0.0234375 0.7604166666666666
vt 0.0234375 0.7604166666666666
vt 0.0234375 0.9479166666666666
vt 0.2578125 0.9479166666666666
vt 0.2578125 0.9479166666666666
vt 0.0234375 0.9479166666666666
vt 0.0234375 0.9479166666666666
vt 0.2578125 0.9479166666666666
vt 0.2578125 0.9479166666666666
vt 0.0234375 0.9479166666666666
vn 0 0 -1
vn 1 0 0
vn 0 0 1
vn -1 0 0
vn 0 1 0
vn 0 -1 0
usemtl m_923f43d7-719b-673c-c0f5-c719c7087fc0
f 84/244/61 87/243/61 85/242/61 82/241/61
f 83/248/62 84/247/62 82/246/62 81/245/62
f 88/252/63 83/251/63 81/250/63 86/249/63
f 87/256/64 88/255/64 86/254/64 85/253/64
f 86/260/65 81/259/65 82/258/65 85/257/65
f 87/264/66 84/263/66 83/262/66 88/261/66