# Made in Blockbench 4.8.3
mtllib eye_banner_3.mtl

o cube
v 0.5625 0.25248826710579797 0.5515356670075322
v 0.5625 0.24703584368513098 0.42665463930979985
v 0.5625 -0.9963220098715243 0.6060599012142021
v 0.5625 -1.0017744332921914 0.48117887351646993
v 0.4375 0.24703584368513098 0.42665463930979985
v 0.4375 0.25248826710579797 0.5515356670075322
v 0.4375 -1.0017744332921914 0.48117887351646993
v 0.4375 -0.9963220098715243 0.6060599012142021
vt 0.890625 0.8854166666666666
vt 0.90625 0.8854166666666666
vt 0.90625 0.6770833333333333
vt 0.890625 0.6770833333333333
vt 0.90625 0.8958333333333334
vt 0.921875 0.8958333333333334
vt 0.921875 0.6875
vt 0.90625 0.6875
vt 0.875 0.90625
vt 0.890625 0.90625
vt 0.890625 0.6979166666666667
vt 0.875 0.6979166666666667
vt 0.890625 0.9166666666666666
vt 0.90625 0.9166666666666666
vt 0.90625 0.7083333333333333
vt 0.890625 0.7083333333333333
vt 0.890625 0.9166666666666666
vt 0.90625 0.9166666666666666
vt 0.90625 0.8958333333333334
vt 0.890625 0.8958333333333334
vt 0.8828125 0.6770833333333333
vt 0.8984375 0.6770833333333333
vt 0.8984375 0.65625
vt 0.8828125 0.65625
vn 0 -0.043619387365336 -0.9990482215818578
vn 1 0 0
vn 0 0.043619387365336 0.9990482215818578
vn -1 0 0
vn 0 0.9990482215818578 -0.043619387365336
vn 0 -0.9990482215818578 0.043619387365336
usemtl m_6091ed7f-e3a6-7a80-f50f-db3a4bb136fc
f 4/4/1 7/3/1 5/2/1 2/1/1
f 3/8/2 4/7/2 2/6/2 1/5/2
f 8/12/3 3/11/3 1/10/3 6/9/3
f 7/16/4 8/15/4 6/14/4 5/13/4
f 6/20/5 1/19/5 2/18/5 5/17/5
f 7/24/6 4/23/6 3/22/6 8/21/6
o cube
v 0.5625 2.1881441964206476 0.4670231039871936
v 0.5625 2.18269177299998 0.34214207628946136
v 0.5625 0.25248826710579797 0.5515356670075322
v 0.5625 0.24703584368513098 0.42665463930979985
v 0.4375 2.18269177299998 0.34214207628946136
v 0.4375 2.1881441964206476 0.4670231039871936
v 0.4375 0.24703584368513098 0.42665463930979985
v 0.4375 0.25248826710579797 0.5515356670075322
vt 0.9140625 0.9583333333333334
vt 0.9296875 0.9583333333333334
vt 0.9296875 0.6354166666666667
vt 0.9140625 0.6354166666666667
vt 0.875 0.9583333333333334
vt 0.890625 0.9583333333333334
vt 0.890625 0.6354166666666667
vt 0.875 0.6354166666666667
vt 0.8984375 0.9583333333333334
vt 0.9140625 0.9583333333333334
vt 0.9140625 0.6354166666666667
vt 0.8984375 0.6354166666666667
vt 0.9453125 0.9583333333333334
vt 0.9609375 0.9583333333333334
vt 0.9609375 0.6354166666666667
vt 0.9453125 0.6354166666666667
vt 0.921875 0.7291666666666667
vt 0.9375 0.7291666666666667
vt 0.9375 0.7083333333333333
vt 0.921875 0.7083333333333333
vt 0.9375 0.8125
vt 0.953125 0.8125
vt 0.953125 0.7916666666666666
vt 0.9375 0.7916666666666666
vn 0 -0.043619387365336 -0.9990482215818578
vn 1 0 0
vn 0 0.043619387365336 0.9990482215818578
vn -1 0 0
vn 0 0.9990482215818578 -0.043619387365336
vn 0 -0.9990482215818578 0.043619387365336
usemtl m_6091ed7f-e3a6-7a80-f50f-db3a4bb136fc
f 12/28/7 15/27/7 13/26/7 10/25/7
f 11/32/8 12/31/8 10/30/8 9/29/8
f 16/36/9 11/35/9 9/34/9 14/33/9
f 15/40/10 16/39/10 14/38/10 13/37/10
f 14/44/11 9/43/11 10/42/11 13/41/11
f 15/48/12 12/47/12 11/46/12 16/45/12
o cube
v 1.75 2.0605369570125815 0.4100350135589945
v 1.75 2.0550845335919146 0.2851539858612623
v 1.75 1.9356559293148496 0.4154874369796615
v 1.75 1.9302035058941822 0.29060640928192927
v -0.75 2.0550845335919146 0.2851539858612623
v -0.75 2.0605369570125815 0.4100350135589945
v -0.75 1.9302035058941822 0.29060640928192927
v -0.75 1.9356559293148496 0.4154874369796615
vt 0.8984375 0.625
vt 0.8984375 0.9583333333333334
vt 0.9140625 0.9583333333333334
vt 0.9140625 0.625
vt 0.9296875 0.8333333333333334
vt 0.9453125 0.8333333333333334
vt 0.9453125 0.8125
vt 0.9296875 0.8125
vt 0.8984375 0.625
vt 0.8984375 0.9583333333333334
vt 0.8828125 0.9583333333333334
vt 0.8828125 0.625
vt 0.921875 0.7708333333333334
vt 0.9375 0.7708333333333334
vt 0.9375 0.75
vt 0.921875 0.75
vt 0.9375 0.625
vt 0.9375 0.9583333333333334
vt 0.953125 0.9583333333333334
vt 0.953125 0.625
vt 0.9140625 0.625
vt 0.9140625 0.9583333333333334
vt 0.9296875 0.9583333333333334
vt 0.9296875 0.625
vn 0 -0.043619387365336 -0.9990482215818578
vn 1 0 0
vn 0 0.043619387365336 0.9990482215818578
vn -1 0 0
vn 0 0.9990482215818578 -0.043619387365336
vn 0 -0.9990482215818578 0.043619387365336
usemtl m_6091ed7f-e3a6-7a80-f50f-db3a4bb136fc
f 20/52/13 23/51/13 21/50/13 18/49/13
f 19/56/14 20/55/14 18/54/14 17/53/14
f 24/60/15 19/59/15 17/58/15 22/57/15
f 23/64/16 24/63/16 22/62/16 21/61/16
f 22/68/17 17/67/17 18/66/17 21/65/17
f 23/72/18 20/71/18 19/70/18 24/69/18
o cube
v 0.531758356927498 1.7573898394042575 0.41675327413673435
v 0.531758356927498 1.7546636276939238 0.3543127602878683
v 0.4890058390117894 1.6400400592005377 0.4218768761905354
v 0.4890058390117894 1.6373138474902045 0.3594363623416693
v -0.29047268626017186 2.05364641663677 0.34125888980920704
v -0.29047268626017186 2.0563726283471038 0.4036994036580731
v -0.3332252041758804 1.9362966364330507 0.34638249186300807
v -0.3332252041758804 1.9390228481433844 0.40882300571187413
vt 0.8828125 0.8020833333333334
vt 0.8828125 0.9479166666666666
vt 0.8984375 0.9479166666666666
vt 0.8984375 0.8020833333333334
vt 0.9296875 0.8333333333333334
vt 0.9453125 0.8333333333333334
vt 0.9453125 0.8125
vt 0.9296875 0.8125
vt 0.8828125 0.7916666666666666
vt 0.8828125 0.9375
vt 0.8671875 0.9375
vt 0.8671875 0.7916666666666666
vt 0.921875 0.7708333333333334
vt 0.9375 0.7708333333333334
vt 0.9375 0.75
vt 0.921875 0.75
vt 0.921875 0.7916666666666666
vt 0.921875 0.9375
vt 0.9296875 0.9375
vt 0.9296875 0.7916666666666666
vt 0.8984375 0.7916666666666666
vt 0.8984375 0.9375
vt 0.90625 0.9375
vt 0.90625 0.7916666666666666
vn -1.2143064331837653e-17 -0.04361938736533599 -0.9990482215818579
vn 0.9396926207859084 -0.3416946159346815 0.014918709118470068
vn 1.2143064331837653e-17 0.04361938736533599 0.9990482215818579
vn -0.9396926207859084 0.3416946159346815 -0.014918709118470068
vn 0.3420201433256689 0.938798241629757 -0.04098881643040833
vn -0.3420201433256689 -0.938798241629757 0.04098881643040833
usemtl m_6091ed7f-e3a6-7a80-f50f-db3a4bb136fc
f 28/76/19 31/75/19 29/74/19 26/73/19
f 27/80/20 28/79/20 26/78/20 25/77/20
f 32/84/21 27/83/21 25/82/21 30/81/21
f 31/88/22 32/87/22 30/86/22 29/85/22
f 30/92/23 25/91/23 26/90/23 29/89/23
f 31/96/24 28/95/24 27/94/24 32/93/24
o cube
v 1.2904726862601719 2.0563726283471038 0.4036994036580731
v 1.2904726862601719 2.05364641663677 0.34125888980920704
v 1.3332252041758805 1.9390228481433844 0.40882300571187413
v 1.3332252041758805 1.9362966364330507 0.34638249186300807
v 0.46824164307250205 1.7546636276939238 0.3543127602878683
v 0.46824164307250205 1.7573898394042575 0.41675327413673435
v 0.5109941609882105 1.6373138474902045 0.3594363623416693
v 0.5109941609882105 1.6400400592005377 0.4218768761905354
vt 0.8828125 0.9479166666666666
vt 0.8828125 0.8020833333333334
vt 0.8984375 0.8020833333333334
vt 0.8984375 0.9479166666666666
vt 0.9375 0.7708333333333334
vt 0.921875 0.7708333333333334
vt 0.921875 0.75
vt 0.9375 0.75
vt 0.8828125 0.9375
vt 0.8828125 0.7916666666666666
vt 0.8671875 0.7916666666666666
vt 0.8671875 0.9375
vt 0.9453125 0.8333333333333334
vt 0.9296875 0.8333333333333334
vt 0.9296875 0.8125
vt 0.9453125 0.8125
vt 0.921875 0.9375
vt 0.921875 0.7916666666666666
vt 0.9296875 0.7916666666666666
vt 0.9296875 0.9375
vt 0.8984375 0.9375
vt 0.8984375 0.7916666666666666
vt 0.90625 0.7916666666666666
vt 0.90625 0.9375
vn 1.2143064331837653e-17 -0.04361938736533599 -0.9990482215818579
vn 0.9396926207859084 0.3416946159346815 -0.014918709118470068
vn -1.2143064331837653e-17 0.04361938736533599 0.9990482215818579
vn -0.9396926207859084 -0.3416946159346815 0.014918709118470068
vn -0.3420201433256689 0.938798241629757 -0.04098881643040833
vn 0.3420201433256689 -0.938798241629757 0.04098881643040833
usemtl m_6091ed7f-e3a6-7a80-f50f-db3a4bb136fc
f 36/100/25 39/99/25 37/98/25 34/97/25
f 35/104/26 36/103/26 34/102/26 33/101/26
f 40/108/27 35/107/27 33/106/27 38/105/27
f 39/112/28 40/111/28 38/110/28 37/109/28
f 38/116/29 33/115/29 34/114/29 37/113/29
f 39/120/30 36/119/30 35/118/30 40/117/30
o cube
v -0.125 2.0768286384023815 0.42496358909362764
v -0.125 2.0700131091265477 0.2688623044714624
v -0.125 1.920727353780216 0.4317791183694615
v -0.125 1.9139118245043827 0.27567783374729615
v -0.1875 2.0700131091265477 0.2688623044714624
v -0.1875 2.0768286384023815 0.42496358909362764
v -0.1875 1.9139118245043827 0.27567783374729615
v -0.1875 1.920727353780216 0.4317791183694615
vt 0.6640625 0.8645833333333334
vt 0.671875 0.8645833333333334
vt 0.671875 0.8385416666666666
vt 0.6640625 0.8385416666666666
vt 0.6640625 0.9166666666666666
vt 0.67578125 0.9166666666666666
vt 0.67578125 0.890625
vt 0.6640625 0.890625
vt 0.6640625 0.9375
vt 0.671875 0.9375
vt 0.671875 0.9114583333333334
vt 0.6640625 0.9114583333333334
vt 0.6640625 0.96875
vt 0.67578125 0.96875
vt 0.67578125 0.9427083333333334
vt 0.6640625 0.9427083333333334
vt 0.6640625 0.9166666666666666
vt 0.671875 0.9166666666666666
vt 0.671875 0.890625
vt 0.6640625 0.890625
vt 0.6640625 0.90625
vt 0.671875 0.90625
vt 0.671875 0.8802083333333334
vt 0.6640625 0.8802083333333334
vn 0 -0.043619387365336 -0.9990482215818578
vn 1 0 0
vn 0 0.043619387365336 0.9990482215818578
vn -1 0 0
vn 0 0.9990482215818578 -0.043619387365336
vn 0 -0.9990482215818578 0.043619387365336
usemtl m_6091ed7f-e3a6-7a80-f50f-db3a4bb136fc
f 44/124/31 47/123/31 45/122/31 42/121/31
f 43/128/32 44/127/32 42/126/32 41/125/32
f 48/132/33 43/131/33 41/130/33 46/129/33
f 47/136/34 48/135/34 46/134/34 45/133/34
f 46/140/35 41/139/35 42/138/35 45/137/35
f 47/144/36 44/143/36 43/142/36 48/141/36
o cube
v 0.25 2.0768286384023815 0.42496358909362764
v 0.25 2.0700131091265477 0.2688623044714624
v 0.25 1.920727353780216 0.4317791183694615
v 0.25 1.9139118245043827 0.27567783374729615
v 0.1875 2.0700131091265477 0.2688623044714624
v 0.1875 2.0768286384023815 0.42496358909362764
v 0.1875 1.9139118245043827 0.27567783374729615
v 0.1875 1.920727353780216 0.4317791183694615
vt 0.6640625 0.8645833333333334
vt 0.671875 0.8645833333333334
vt 0.671875 0.8385416666666666
vt 0.6640625 0.8385416666666666
vt 0.6640625 0.9166666666666666
vt 0.67578125 0.9166666666666666
vt 0.67578125 0.890625
vt 0.6640625 0.890625
vt 0.6640625 0.9375
vt 0.671875 0.9375
vt 0.671875 0.9114583333333334
vt 0.6640625 0.9114583333333334
vt 0.6640625 0.96875
vt 0.67578125 0.96875
vt 0.67578125 0.9427083333333334
vt 0.6640625 0.9427083333333334
vt 0.6640625 0.9166666666666666
vt 0.671875 0.9166666666666666
vt 0.671875 0.890625
vt 0.6640625 0.890625
vt 0.6640625 0.90625
vt 0.671875 0.90625
vt 0.671875 0.8802083333333334
vt 0.6640625 0.8802083333333334
vn 0 -0.043619387365336 -0.9990482215818578
vn 1 0 0
vn 0 0.043619387365336 0.9990482215818578
vn -1 0 0
vn 0 0.9990482215818578 -0.043619387365336
vn 0 -0.9990482215818578 0.043619387365336
usemtl m_6091ed7f-e3a6-7a80-f50f-db3a4bb136fc
f 52/148/37 55/147/37 53/146/37 50/145/37
f 51/152/38 52/151/38 50/150/38 49/149/38
f 56/156/39 51/155/39 49/154/39 54/153/39
f 55/160/40 56/159/40 54/158/40 53/157/40
f 54/164/41 49/163/41 50/162/41 53/161/41
f 55/168/42 52/167/42 51/166/42 56/165/42
o cube
v 0.625 2.0768286384023815 0.42496358909362764
v 0.625 2.0700131091265477 0.2688623044714624
v 0.625 1.920727353780216 0.4317791183694615
v 0.625 1.9139118245043827 0.27567783374729615
v 0.5625 2.0700131091265477 0.2688623044714624
v 0.5625 2.0768286384023815 0.42496358909362764
v 0.5625 1.9139118245043827 0.27567783374729615
v 0.5625 1.920727353780216 0.4317791183694615
vt 0.6640625 0.8645833333333334
vt 0.671875 0.8645833333333334
vt 0.671875 0.8385416666666666
vt 0.6640625 0.8385416666666666
vt 0.6640625 0.9166666666666666
vt 0.67578125 0.9166666666666666
vt 0.67578125 0.890625
vt 0.6640625 0.890625
vt 0.6640625 0.9375
vt 0.671875 0.9375
vt 0.671875 0.9114583333333334
vt 0.6640625 0.9114583333333334
vt 0.6640625 0.96875
vt 0.67578125 0.96875
vt 0.67578125 0.9427083333333334
vt 0.6640625 0.9427083333333334
vt 0.6640625 0.9166666666666666
vt 0.671875 0.9166666666666666
vt 0.671875 0.890625
vt 0.6640625 0.890625
vt 0.6640625 0.90625
vt 0.671875 0.90625
vt 0.671875 0.8802083333333334
vt 0.6640625 0.8802083333333334
vn 0 -0.043619387365336 -0.9990482215818578
vn 1 0 0
vn 0 0.043619387365336 0.9990482215818578
vn -1 0 0
vn 0 0.9990482215818578 -0.043619387365336
vn 0 -0.9990482215818578 0.043619387365336
usemtl m_6091ed7f-e3a6-7a80-f50f-db3a4bb136fc
f 60/172/43 63/171/43 61/170/43 58/169/43
f 59/176/44 60/175/44 58/174/44 57/173/44
f 64/180/45 59/179/45 57/178/45 62/177/45
f 63/184/46 64/183/46 62/182/46 61/181/46
f 62/188/47 57/187/47 58/186/47 61/185/47
f 63/192/48 60/191/48 59/190/48 64/189/48
o cube
v 1.0625 2.0768286384023815 0.42496358909362764
v 1.0625 2.0700131091265477 0.2688623044714624
v 1.0625 1.920727353780216 0.4317791183694615
v 1.0625 1.9139118245043827 0.27567783374729615
v 1 2.0700131091265477 0.2688623044714624
v 1 2.0768286384023815 0.42496358909362764
v 1 1.9139118245043827 0.27567783374729615
v 1 1.920727353780216 0.4317791183694615
vt 0.6640625 0.8645833333333334
vt 0.671875 0.8645833333333334
vt 0.671875 0.8385416666666666
vt 0.6640625 0.8385416666666666
vt 0.6640625 0.9166666666666666
vt 0.67578125 0.9166666666666666
vt 0.67578125 0.890625
vt 0.6640625 0.890625
vt 0.6640625 0.9375
vt 0.671875 0.9375
vt 0.671875 0.9114583333333334
vt 0.6640625 0.9114583333333334
vt 0.6640625 0.96875
vt 0.67578125 0.96875
vt 0.67578125 0.9427083333333334
vt 0.6640625 0.9427083333333334
vt 0.6640625 0.9166666666666666
vt 0.671875 0.9166666666666666
vt 0.671875 0.890625
vt 0.6640625 0.890625
vt 0.6640625 0.90625
vt 0.671875 0.90625
vt 0.671875 0.8802083333333334
vt 0.6640625 0.8802083333333334
vn 0 -0.043619387365336 -0.9990482215818578
vn 1 0 0
vn 0 0.043619387365336 0.9990482215818578
vn -1 0 0
vn 0 0.9990482215818578 -0.043619387365336
vn 0 -0.9990482215818578 0.043619387365336
usemtl m_6091ed7f-e3a6-7a80-f50f-db3a4bb136fc
f 68/196/49 71/195/49 69/194/49 66/193/49
f 67/200/50 68/199/50 66/198/50 65/197/50
f 72/204/51 67/203/51 65/202/51 70/201/51
f 71/208/52 72/207/52 70/206/52 69/205/52
f 70/212/53 65/211/53 66/210/53 69/209/53
f 71/216/54 68/215/54 67/214/54 72/213/54
o cube
v 1.375 2.0768286384023815 0.42496358909362764
v 1.375 2.0700131091265477 0.2688623044714624
v 1.375 1.920727353780216 0.4317791183694615
v 1.375 1.9139118245043827 0.27567783374729615
v 1.3125 2.0700131091265477 0.2688623044714624
v 1.3125 2.0768286384023815 0.42496358909362764
v 1.3125 1.9139118245043827 0.27567783374729615
v 1.3125 1.920727353780216 0.4317791183694615
vt 0.6640625 0.8645833333333334
vt 0.671875 0.8645833333333334
vt 0.671875 0.8385416666666666
vt 0.6640625 0.8385416666666666
vt 0.6640625 0.9166666666666666
vt 0.67578125 0.9166666666666666
vt 0.67578125 0.890625
vt 0.6640625 0.890625
vt 0.6640625 0.9375
vt 0.671875 0.9375
vt 0.671875 0.9114583333333334
vt 0.6640625 0.9114583333333334
vt 0.6640625 0.96875
vt 0.67578125 0.96875
vt 0.67578125 0.9427083333333334
vt 0.6640625 0.9427083333333334
vt 0.6640625 0.9166666666666666
vt 0.671875 0.9166666666666666
vt 0.671875 0.890625
vt 0.6640625 0.890625
vt 0.6640625 0.90625
vt 0.671875 0.90625
vt 0.671875 0.8802083333333334
vt 0.6640625 0.8802083333333334
vn 0 -0.043619387365336 -0.9990482215818578
vn 1 0 0
vn 0 0.043619387365336 0.9990482215818578
vn -1 0 0
vn 0 0.9990482215818578 -0.043619387365336
vn 0 -0.9990482215818578 0.043619387365336
usemtl m_6091ed7f-e3a6-7a80-f50f-db3a4bb136fc
f 76/220/55 79/219/55 77/218/55 74/217/55
f 75/224/56 76/223/56 74/222/56 73/221/56
f 80/228/57 75/227/57 73/226/57 78/225/57
f 79/232/58 80/231/58 78/230/58 77/229/58
f 78/236/59 73/235/59 74/234/59 77/233/59
f 79/240/60 76/239/60 75/238/60 80/237/60
o cube
v 1.5625 1.931566611749349 0.32182666620636236
v 1.5625 1.931566611749349 0.32182666620636236
v 1.5625 0.24567273782996424 0.39543438238536677
v 1.5625 0.24567273782996424 0.39543438238536677
v -0.5625 1.931566611749349 0.32182666620636236
v -0.5625 1.931566611749349 0.32182666620636236
v -0.5625 0.24567273782996424 0.39543438238536677
v -0.5625 0.24567273782996424 0.39543438238536677
vt 0.0078125 0.9651639344262299
vt 0.2734375 0.9651639344262299
vt 0.2734375 0.6839139344262299
vt 0.0078125 0.6839139344262299
vt 0 1
vt 0 1
vt 0 0.7708333333333334
vt 0 0.7708333333333334
vt 0.5546875 0.9682377049180327
vt 0.2890625 0.9682377049180327
vt 0.2890625 0.6869877049180328
vt 0.5546875 0.6869877049180328
vt 0 1
vt 0 1
vt 0 0.7708333333333334
vt 0 0.7708333333333334
vt 0 1
vt 0.296875 1
vt 0.296875 1
vt 0 1
vt 0 1
vt 0.296875 1
vt 0.296875 1
vt 0 1
vn 0 -0.043619387365336 -0.9990482215818578
vn 1 0 0
vn 0 0.043619387365336 0.9990482215818578
vn -1 0 0
vn 0 0.9990482215818578 -0.043619387365336
vn 0 -0.9990482215818578 0.043619387365336
usemtl m_6091ed7f-e3a6-7a80-f50f-db3a4bb136fc
f 84/244/61 87/243/61 85/242/61 82/241/61
f 83/248/62 84/247/62 82/246/62 81/245/62
f 88/252/63 83/251/63 81/250/63 86/249/63
f 87/256/64 88/255/64 86/254/64 85/253/64
f 86/260/65 81/259/65 82/258/65 85/257/65
f 87/264/66 84/263/66 83/262/66 88/261/66
o cube
v 0.6266170507450002 2.3157514358287132 0.513025356728007
v 0.6048488532968266 2.3048465889873793 0.2642137213585485
v 0.6275674707710062 2.0659893804332485 0.5238887073348466
v 0.6057992733228326 2.0550845335919146 0.275077071965388
v 0.35580017877389025 2.3048465889873793 0.2860026570454631
v 0.37756837622206385 2.3157514358287132 0.5348142924149215
v 0.35675059879989623 2.0550845335919146 0.29686600765230253
v 0.3785187962480697 2.0659893804332485 0.5456776430217611
vt 0.796875 0.71875
vt 0.84375 0.71875
vt 0.84375 0.65625
vt 0.796875 0.65625
vt 0.7734375 0.7708333333333334
vt 0.8046875 0.7708333333333334
vt 0.8046875 0.7291666666666667
vt 0.7734375 0.7291666666666667
vt 0.734375 0.7708333333333334
vt 0.765625 0.7708333333333334
vt 0.765625 0.7291666666666667
vt 0.734375 0.7291666666666667
vt 0.8046875 0.7708333333333334
vt 0.7734375 0.7708333333333334
vt 0.7734375 0.7291666666666667
vt 0.8046875 0.7291666666666667
vt 0.8125 0.7708333333333334
vt 0.84375 0.7708333333333334
vt 0.84375 0.7291666666666667
vt 0.8125 0.7291666666666667
vt 0.8125 0.7708333333333334
vt 0.84375 0.7708333333333334
vt 0.84375 0.7291666666666667
vt 0.8125 0.7291666666666667
vn -0.08707278979269387 -0.04361938736533601 -0.9952465414778341
vn 0.9961946980917455 -1.3010426069826053e-18 -0.08715574274765822
vn 0.08707278979269387 0.04361938736533601 0.9952465414778341
vn -0.9961946980917455 1.3010426069826053e-18 0.08715574274765822
vn -0.003801680104023678 0.9990482215818578 -0.043453402427357804
vn 0.003801680104023678 -0.9990482215818578 0.043453402427357804
usemtl m_6091ed7f-e3a6-7a80-f50f-db3a4bb136fc
f 92/268/67 95/267/67 93/266/67 90/265/67
f 91/272/68 92/271/68 90/270/68 89/269/68
f 96/276/69 91/275/69 89/274/69 94/273/69
f 95/280/70 96/279/70 94/278/70 93/277/70
f 94/284/71 89/283/71 90/282/71 93/281/71
f 95/288/72 92/287/72 91/286/72 96/285/72