# Made in Blockbench 4.12.6
mtllib goblin_zipline_seat.mtl

o cube
v 0.47427427172801984 0.25 1.0196741403377314
v 0.9604101837937713 0.25 0.5335382282719802
v 0.47427427172801984 0.125 1.0196741403377314
v 0.9604101837937713 0.125 0.5335382282719802
v 0.47427427172801995 0.25 0.0474023162062287
v -0.011861640337731516 0.25 0.53353822827198
v 0.47427427172801995 0.125 0.0474023162062287
v -0.011861640337731516 0.125 0.53353822827198
vt 0.020833333333333332 0.9583333333333334
vt 0.25 0.9583333333333334
vt 0.25 0.9166666666666666
vt 0.020833333333333332 0.9166666666666666
vt 0.020833333333333332 0.9583333333333334
vt 0.25 0.9583333333333334
vt 0.25 0.9166666666666666
vt 0.020833333333333332 0.9166666666666666
vt 0.020833333333333332 0.9583333333333334
vt 0.25 0.9583333333333334
vt 0.25 0.9166666666666666
vt 0.020833333333333332 0.9166666666666666
vt 0.020833333333333332 0.9583333333333334
vt 0.25 0.9583333333333334
vt 0.25 0.9166666666666666
vt 0.020833333333333332 0.9166666666666666
vt 0.020833333333333332 0.9791666666666666
vt 0.25 0.9791666666666666
vt 0.25 0.75
vt 0.020833333333333332 0.75
vt 0.020833333333333332 0.9791666666666666
vt 0.25 0.9791666666666666
vt 0.25 0.75
vt 0.020833333333333332 0.75
vn 0.7071067811865476 0 -0.7071067811865475
vn 0.7071067811865475 0 0.7071067811865476
vn -0.7071067811865476 0 0.7071067811865475
vn -0.7071067811865475 0 -0.7071067811865476
vn 0 1 0
vn 0 -1 0
usemtl m_5ede2943-9ccc-9358-9ebd-a5031c4ae99e
f 4/4/1 7/3/1 5/2/1 2/1/1
f 3/8/2 4/7/2 2/6/2 1/5/2
f 8/12/3 3/11/3 1/10/3 6/9/3
f 7/16/4 8/15/4 6/14/4 5/13/4
f 6/20/5 1/19/5 2/18/5 5/17/5
f 7/24/6 4/23/6 3/22/6 8/21/6
o cube
v 0.04338107694246757 1.125 0.4782955109917811
v 0.0986237942226666 1.125 0.42305279371158205
v 0.04338107694246757 -0.125 0.4782955109917811
v 0.0986237942226666 -0.125 0.42305279371158205
v 0.03233253348642777 1.125 0.35676153297534324
v -0.022910183793771258 1.125 0.41200425025554227
v 0.03233253348642777 -0.125 0.35676153297534324
v -0.022910183793771258 -0.125 0.41200425025554227
vt 0.4375 0.625
vt 0.4583333333333333 0.625
vt 0.4583333333333333 0.29166666666666663
vt 0.4375 0.29166666666666663
vt 0.5208333333333334 0.625
vt 0.5416666666666666 0.625
vt 0.5416666666666666 0.29166666666666663
vt 0.5208333333333334 0.29166666666666663
vt 0.4583333333333333 0.625
vt 0.4791666666666667 0.625
vt 0.4791666666666667 0.29166666666666663
vt 0.4583333333333333 0.29166666666666663
vt 0.5625 0.625
vt 0.5833333333333334 0.625
vt 0.5833333333333334 0.29166666666666663
vt 0.5625 0.29166666666666663
vt 0.3958333333333333 0.5625
vt 0.4166666666666667 0.5625
vt 0.4166666666666667 0.5208333333333333
vt 0.3958333333333333 0.5208333333333333
vt 0.4583333333333333 0.5416666666666667
vt 0.4791666666666667 0.5416666666666667
vt 0.4791666666666667 0.5
vt 0.4583333333333333 0.5
vn 0.7071067811865476 0 -0.7071067811865475
vn 0.7071067811865475 0 0.7071067811865476
vn -0.7071067811865476 0 0.7071067811865475
vn -0.7071067811865475 0 -0.7071067811865476
vn 0 1 0
vn 0 -1 0
usemtl m_5ede2943-9ccc-9358-9ebd-a5031c4ae99e
f 12/28/7 15/27/7 13/26/7 10/25/7
f 11/32/8 12/31/8 10/30/8 9/29/8
f 16/36/9 11/35/9 9/34/9 14/33/9
f 15/40/10 16/39/10 14/38/10 13/37/10
f 14/44/11 9/43/11 10/42/11 13/41/11
f 15/48/12 12/47/12 11/46/12 16/45/12
o cube
v 0.22496420731058697 1.4766577602251543 0.2967123806236616
v 0.26402670731058697 1.4214150429449552 0.2576498806236616
v 0.00621420731058691 1.16729854345604 0.5154623806236616
v 0.04527670731058691 1.1120558261758409 0.4763998806236616
v 0.19773544657434816 1.4214150429449552 0.1913586198874228
v 0.15867294657434816 1.4766577602251543 0.2304211198874228
v -0.021014553425651915 1.1120558261758409 0.4101086198874228
v -0.060077053425651915 1.16729854345604 0.44917111988742275
vt 0.4375 0.625
vt 0.4166666666666667 0.625
vt 0.4166666666666667 0.5
vt 0.4375 0.5
vt 0.5208333333333334 0.625
vt 0.5 0.625
vt 0.5 0.5
vt 0.5208333333333334 0.5
vt 0.4583333333333333 0.625
vt 0.4375 0.625
vt 0.4375 0.5
vt 0.4583333333333333 0.5
vt 0.5625 0.625
vt 0.5416666666666666 0.625
vt 0.5416666666666666 0.5
vt 0.5625 0.5
vt 0.3958333333333333 0.5625
vt 0.4166666666666667 0.5625
vt 0.4166666666666667 0.5208333333333333
vt 0.3958333333333333 0.5208333333333333
vt 0.4583333333333333 0.5416666666666667
vt 0.4791666666666667 0.5416666666666667
vt 0.4791666666666667 0.5
vt 0.4583333333333333 0.5
vn 0.5 -0.7071067811865476 -0.4999999999999999
vn 0.7071067811865475 0 0.7071067811865476
vn -0.5 0.7071067811865476 0.4999999999999999
vn -0.7071067811865475 0 -0.7071067811865476
vn 0.5000000000000001 0.7071067811865475 -0.5
vn -0.5000000000000001 -0.7071067811865475 0.5
usemtl m_5ede2943-9ccc-9358-9ebd-a5031c4ae99e
f 20/52/13 23/51/13 21/50/13 18/49/13
f 19/56/14 20/55/14 18/54/14 17/53/14
f 24/60/15 19/59/15 17/58/15 22/57/15
f 23/64/16 24/63/16 22/62/16 21/61/16
f 22/68/17 17/67/17 18/66/17 21/65/17
f 23/72/18 20/71/18 19/70/18 24/69/18
o cube
v 0.7173422277608955 1.5625 1.0417712272498112
v 0.9383130968816917 1.5625 0.8208003581290151
v 0.7173422277608955 1.375 1.0417712272498112
v 0.9383130968816917 1.375 0.8208003581290151
v 0.18701214187098503 1.5625 0.06949940311830827
v -0.03395872724981114 1.5625 0.2904702722391044
v 0.18701214187098503 1.375 0.06949940311830827
v -0.03395872724981114 1.375 0.2904702722391044
vt 0.125 0.29166666666666663
vt 0.125 0.625
vt 0.1875 0.625
vt 0.1875 0.29166666666666663
vt 0.125 0.45833333333333337
vt 0.125 0.5625
vt 0.1875 0.5625
vt 0.1875 0.45833333333333337
vt 0.125 0.29166666666666663
vt 0.125 0.625
vt 0.1875 0.625
vt 0.1875 0.29166666666666663
vt 0.125 0.45833333333333337
vt 0.125 0.5625
vt 0.1875 0.5625
vt 0.1875 0.45833333333333337
vt 0.08333333333333333 0.29166666666666663
vt 0.08333333333333333 0.625
vt 0.1875 0.625
vt 0.1875 0.29166666666666663
vt 0.16666666666666666 0.29166666666666663
vt 0.16666666666666666 0.625
vt 0.2708333333333333 0.625
vt 0.2708333333333333 0.29166666666666663
vn 0.7071067811865476 0 -0.7071067811865475
vn 0.7071067811865475 0 0.7071067811865476
vn -0.7071067811865476 0 0.7071067811865475
vn -0.7071067811865475 0 -0.7071067811865476
vn 0 1 0
vn 0 -1 0
usemtl m_5ede2943-9ccc-9358-9ebd-a5031c4ae99e
f 28/76/19 31/75/19 29/74/19 26/73/19
f 27/80/20 28/79/20 26/78/20 25/77/20
f 32/84/21 27/83/21 25/82/21 30/81/21
f 31/88/22 32/87/22 30/86/22 29/85/22
f 30/92/23 25/91/23 26/90/23 29/89/23
f 31/96/24 28/95/24 27/94/24 32/93/24
o cube
v 0.4853228151840597 1.75 0.7213634670246568
v 0.6179053366565374 1.75 0.5887809455521792
v 0.4853228151840597 1.5625 0.7213634670246568
v 0.6179053366565374 1.5625 0.5887809455521792
v 0.4411286413599005 1.75 0.41200425025554227
v 0.3085461198874228 1.75 0.54458677172802
v 0.4411286413599005 1.5625 0.41200425025554227
v 0.3085461198874228 1.5625 0.54458677172802
vt 0.125 0.5416666666666667
vt 0.125 0.625
vt 0.1875 0.625
vt 0.1875 0.5416666666666667
vt 0.125 0.5
vt 0.125 0.5625
vt 0.1875 0.5625
vt 0.1875 0.5
vt 0.125 0.5416666666666667
vt 0.125 0.625
vt 0.1875 0.625
vt 0.1875 0.5416666666666667
vt 0.125 0.5
vt 0.125 0.5625
vt 0.1875 0.5625
vt 0.1875 0.5
vt 0.08333333333333333 0.5416666666666667
vt 0.08333333333333333 0.625
vt 0.14583333333333334 0.625
vt 0.14583333333333334 0.5416666666666667
vt 0.16666666666666666 0.5416666666666667
vt 0.16666666666666666 0.625
vt 0.22916666666666666 0.625
vt 0.22916666666666666 0.5416666666666667
vn 0.7071067811865476 0 -0.7071067811865475
vn 0.7071067811865475 0 0.7071067811865476
vn -0.7071067811865476 0 0.7071067811865475
vn -0.7071067811865475 0 -0.7071067811865476
vn 0 1 0
vn 0 -1 0
usemtl m_5ede2943-9ccc-9358-9ebd-a5031c4ae99e
f 36/100/25 39/99/25 37/98/25 34/97/25
f 35/104/26 36/103/26 34/102/26 33/101/26
f 40/108/27 35/107/27 33/106/27 38/105/27
f 39/112/28 40/111/28 38/110/28 37/109/28
f 38/116/29 33/115/29 34/114/29 37/113/29
f 39/120/30 36/119/30 35/118/30 40/117/30
o cube
v 0.5074199020961394 1.9375 0.7434605539367365
v 0.640002423568617 1.9375 0.6108780324642589
v 0.5074199020961394 1.875 0.7434605539367365
v 0.640002423568617 1.875 0.6108780324642589
v 0.4190315544478209 1.9375 0.38990716334346265
v 0.28644903297534324 1.9375 0.5224896848159404
v 0.4190315544478209 1.875 0.38990716334346265
v 0.28644903297534324 1.875 0.5224896848159404
vt 0.14583333333333334 0.39583333333333337
vt 0.14583333333333334 0.47916666666666663
vt 0.16666666666666666 0.47916666666666663
vt 0.16666666666666666 0.39583333333333337
vt 0.14583333333333334 0.35416666666666663
vt 0.14583333333333334 0.41666666666666663
vt 0.16666666666666666 0.41666666666666663
vt 0.16666666666666666 0.35416666666666663
vt 0.14583333333333334 0.39583333333333337
vt 0.14583333333333334 0.47916666666666663
vt 0.16666666666666666 0.47916666666666663
vt 0.16666666666666666 0.39583333333333337
vt 0.14583333333333334 0.35416666666666663
vt 0.14583333333333334 0.41666666666666663
vt 0.16666666666666666 0.41666666666666663
vt 0.16666666666666666 0.35416666666666663
vt 0.10416666666666667 0.39583333333333337
vt 0.10416666666666667 0.47916666666666663
vt 0.16666666666666666 0.47916666666666663
vt 0.16666666666666666 0.39583333333333337
vt 0.1875 0.39583333333333337
vt 0.1875 0.47916666666666663
vt 0.25 0.47916666666666663
vt 0.25 0.39583333333333337
vn 0.7071067811865476 0 -0.7071067811865475
vn 0.7071067811865475 0 0.7071067811865476
vn -0.7071067811865476 0 0.7071067811865475
vn -0.7071067811865475 0 -0.7071067811865476
vn 0 1 0
vn 0 -1 0
usemtl m_5ede2943-9ccc-9358-9ebd-a5031c4ae99e
f 44/124/31 47/123/31 45/122/31 42/121/31
f 43/128/32 44/127/32 42/126/32 41/125/32
f 48/132/33 43/131/33 41/130/33 46/129/33
f 47/136/34 48/135/34 46/134/34 45/133/34
f 46/140/35 41/139/35 42/138/35 45/137/35
f 47/144/36 44/143/36 43/142/36 48/141/36
o cube
v 0.5074199020961393 1.875 0.6992663801125771
v 0.5958082497444577 1.875 0.6108780324642588
v 0.5074199020961393 1.75 0.6992663801125771
v 0.5958082497444577 1.75 0.6108780324642588
v 0.5516140759202985 1.875 0.5666838586400995
v 0.46322572827198005 1.875 0.655072206288418
v 0.5516140759202985 1.75 0.5666838586400995
v 0.46322572827198005 1.75 0.655072206288418
vt 0.125 0.6041666666666667
vt 0.125 0.625
vt 0.16666666666666666 0.625
vt 0.16666666666666666 0.6041666666666667
vt 0.125 0.5
vt 0.125 0.5625
vt 0.16666666666666666 0.5625
vt 0.16666666666666666 0.5
vt 0.125 0.6041666666666667
vt 0.125 0.625
vt 0.16666666666666666 0.625
vt 0.16666666666666666 0.6041666666666667
vt 0.125 0.5
vt 0.125 0.5625
vt 0.16666666666666666 0.5625
vt 0.16666666666666666 0.5
vt 0.08333333333333333 0.6041666666666667
vt 0.08333333333333333 0.625
vt 0.14583333333333334 0.625
vt 0.14583333333333334 0.6041666666666667
vt 0.16666666666666666 0.6041666666666667
vt 0.16666666666666666 0.625
vt 0.22916666666666666 0.625
vt 0.22916666666666666 0.6041666666666667
vn 0.7071067811865476 0 -0.7071067811865475
vn 0.7071067811865475 0 0.7071067811865476
vn -0.7071067811865476 0 0.7071067811865475
vn -0.7071067811865475 0 -0.7071067811865476
vn 0 1 0
vn 0 -1 0
usemtl m_5ede2943-9ccc-9358-9ebd-a5031c4ae99e
f 52/148/37 55/147/37 53/146/37 50/145/37
f 51/152/38 52/151/38 50/150/38 49/149/38
f 56/156/39 51/155/39 49/154/39 54/153/39
f 55/160/40 56/159/40 54/158/40 53/157/40
f 54/164/41 49/163/41 50/162/41 53/161/41
f 55/168/42 52/167/42 51/166/42 56/165/42
o cube
v 0.3748373806236617 1.875 0.5666838586400995
v 0.4632257282719801 1.875 0.4782955109917811
v 0.3748373806236617 1.75 0.5666838586400995
v 0.4632257282719801 1.75 0.4782955109917811
v 0.41903155444782086 1.875 0.43410133716762184
v 0.33064320679950243 1.875 0.5224896848159403
v 0.41903155444782086 1.75 0.43410133716762184
v 0.33064320679950243 1.75 0.5224896848159403
vt 0.125 0.6041666666666667
vt 0.125 0.625
vt 0.16666666666666666 0.625
vt 0.16666666666666666 0.6041666666666667
vt 0.125 0.5
vt 0.125 0.5625
vt 0.16666666666666666 0.5625
vt 0.16666666666666666 0.5
vt 0.125 0.6041666666666667
vt 0.125 0.625
vt 0.16666666666666666 0.625
vt 0.16666666666666666 0.6041666666666667
vt 0.125 0.5
vt 0.125 0.5625
vt 0.16666666666666666 0.5625
vt 0.16666666666666666 0.5
vt 0.08333333333333333 0.6041666666666667
vt 0.08333333333333333 0.625
vt 0.14583333333333334 0.625
vt 0.14583333333333334 0.6041666666666667
vt 0.16666666666666666 0.6041666666666667
vt 0.16666666666666666 0.625
vt 0.22916666666666666 0.625
vt 0.22916666666666666 0.6041666666666667
vn 0.7071067811865476 0 -0.7071067811865475
vn 0.7071067811865475 0 0.7071067811865476
vn -0.7071067811865476 0 0.7071067811865475
vn -0.7071067811865475 0 -0.7071067811865476
vn 0 1 0
vn 0 -1 0
usemtl m_5ede2943-9ccc-9358-9ebd-a5031c4ae99e
f 60/172/43 63/171/43 61/170/43 58/169/43
f 59/176/44 60/175/44 58/174/44 57/173/44
f 64/180/45 59/179/45 57/178/45 62/177/45
f 63/184/46 64/183/46 62/182/46 61/181/46
f 62/188/47 57/187/47 58/186/47 61/185/47
f 63/192/48 60/191/48 59/190/48 64/189/48
o cube
v 0.010235446574348106 1.1875 0.5556353151840596
v 0.49637135864009957 1.1875 0.06949940311830831
v 0.010235446574348106 1.0625 0.5556353151840596
v 0.49637135864009957 1.0625 0.06949940311830831
v 0.3416917502555423 1.1875 -0.08518020526624898
v -0.14444416181020914 1.1875 0.4009557067995024
v 0.3416917502555423 1.0625 -0.08518020526624898
v -0.14444416181020914 1.0625 0.4009557067995024
vt 0.125 0.48958333333333337
vt 0.125 0.5625
vt 0.16666666666666666 0.5625
vt 0.16666666666666666 0.48958333333333337
vt 0.125 0.33333333333333337
vt 0.125 0.5625
vt 0.16666666666666666 0.5625
vt 0.16666666666666666 0.33333333333333337
vt 0.125 0.48958333333333337
vt 0.125 0.5625
vt 0.16666666666666666 0.5625
vt 0.16666666666666666 0.48958333333333337
vt 0.125 0.33333333333333337
vt 0.125 0.5625
vt 0.16666666666666666 0.5625
vt 0.16666666666666666 0.33333333333333337
vt 0.15625 0.3125
vt 0.08333333333333333 0.3125
vt 0.08333333333333333 0.5416666666666667
vt 0.15625 0.5416666666666667
vt 0.16666666666666666 0.6041666666666667
vt 0.23958333333333334 0.6041666666666667
vt 0.23958333333333334 0.375
vt 0.16666666666666666 0.375
vn 0.7071067811865476 0 -0.7071067811865475
vn 0.7071067811865475 0 0.7071067811865476
vn -0.7071067811865476 0 0.7071067811865475
vn -0.7071067811865475 0 -0.7071067811865476
vn 0 1 0
vn 0 -1 0
usemtl m_5ede2943-9ccc-9358-9ebd-a5031c4ae99e
f 68/196/49 71/195/49 69/194/49 66/193/49
f 67/200/50 68/199/50 66/198/50 65/197/50
f 72/204/51 67/203/51 65/202/51 70/201/51
f 71/208/52 72/207/52 70/206/52 69/205/52
f 70/212/53 65/211/53 66/210/53 69/209/53
f 71/216/54 68/215/54 67/214/54 72/213/54
o cube
v 0.5626626193763384 1.1875 1.10806248798605
v 1.0487985314420898 1.1875 0.6219265759202985
v 0.5626626193763384 1.0625 1.10806248798605
v 1.0487985314420898 1.0625 0.6219265759202985
v 0.8941189230575326 1.1875 0.4672469675357413
v 0.40798301099178114 1.1875 0.9533828796014927
v 0.8941189230575326 1.0625 0.4672469675357413
v 0.40798301099178114 1.0625 0.9533828796014927
vt 0.125 0.48958333333333337
vt 0.125 0.5625
vt 0.16666666666666666 0.5625
vt 0.16666666666666666 0.48958333333333337
vt 0.125 0.33333333333333337
vt 0.125 0.5625
vt 0.16666666666666666 0.5625
vt 0.16666666666666666 0.33333333333333337
vt 0.125 0.48958333333333337
vt 0.125 0.5625
vt 0.16666666666666666 0.5625
vt 0.16666666666666666 0.48958333333333337
vt 0.125 0.33333333333333337
vt 0.125 0.5625
vt 0.16666666666666666 0.5625
vt 0.16666666666666666 0.33333333333333337
vt 0.15625 0.3125
vt 0.08333333333333333 0.3125
vt 0.08333333333333333 0.5416666666666667
vt 0.15625 0.5416666666666667
vt 0.16666666666666666 0.6041666666666667
vt 0.23958333333333334 0.6041666666666667
vt 0.23958333333333334 0.375
vt 0.16666666666666666 0.375
vn 0.7071067811865476 0 -0.7071067811865475
vn 0.7071067811865475 0 0.7071067811865476
vn -0.7071067811865476 0 0.7071067811865475
vn -0.7071067811865475 0 -0.7071067811865476
vn 0 1 0
vn 0 -1 0
usemtl m_5ede2943-9ccc-9358-9ebd-a5031c4ae99e
f 76/220/55 79/219/55 77/218/55 74/217/55
f 75/224/56 76/223/56 74/222/56 73/221/56
f 80/228/57 75/227/57 73/226/57 78/225/57
f 79/232/58 80/231/58 78/230/58 77/229/58
f 78/236/59 73/235/59 74/234/59 77/233/59
f 79/240/60 76/239/60 75/238/60 80/237/60
o cube
v 0.7618616403377315 1.4214150429449552 0.8646692932004976
v 0.8009241403377315 1.4766577602251543 0.8256067932004976
v 0.9806116403377316 1.1120558261758409 0.6459192932004976
v 1.0196741403377316 1.16729854345604 0.6068567932004976
v 0.7346328796014927 1.4766577602251543 0.7593155324642586
v 0.6955703796014927 1.4214150429449552 0.7983780324642586
v 0.9533828796014927 1.16729854345604 0.5405655324642586
v 0.9143203796014927 1.1120558261758409 0.5796280324642586
vt 0.4895833333333333 0.625
vt 0.46875 0.625
vt 0.46875 0.5
vt 0.4895833333333333 0.5
vt 0.546875 0.625
vt 0.5260416666666666 0.625
vt 0.5260416666666666 0.5
vt 0.546875 0.5
vt 0.46875 0.625
vt 0.4479166666666667 0.625
vt 0.4479166666666667 0.5
vt 0.46875 0.5
vt 0.5885416666666666 0.625
vt 0.5677083333333334 0.625
vt 0.5677083333333334 0.5
vt 0.5885416666666666 0.5
vt 0.3958333333333333 0.5208333333333333
vt 0.4166666666666667 0.5208333333333333
vt 0.4166666666666667 0.5625
vt 0.3958333333333333 0.5625
vt 0.4583333333333333 0.5
vt 0.4791666666666667 0.5
vt 0.4791666666666667 0.5416666666666667
vt 0.4583333333333333 0.5416666666666667
vn 0.5 0.7071067811865476 -0.4999999999999999
vn 0.7071067811865475 0 0.7071067811865476
vn -0.5 -0.7071067811865476 0.4999999999999999
vn -0.7071067811865475 0 -0.7071067811865476
vn -0.5000000000000001 0.7071067811865475 0.5
vn 0.5000000000000001 -0.7071067811865475 -0.5
usemtl m_5ede2943-9ccc-9358-9ebd-a5031c4ae99e
f 84/244/61 87/243/61 85/242/61 82/241/61
f 83/248/62 84/247/62 82/246/62 81/245/62
f 88/252/63 83/251/63 81/250/63 86/249/63
f 87/256/64 88/255/64 86/254/64 85/253/64
f 86/260/65 81/259/65 82/258/65 85/257/65
f 87/264/66 84/263/66 83/262/66 88/261/66
o cube
v 0.7773913801125771 1.4766577602251543 0.849139553425652
v 0.8164538801125771 1.4214150429449552 0.810077053425652
v 0.558641380112577 1.16729854345604 1.0678895534256518
v 0.597703880112577 1.1120558261758409 1.0288270534256518
v 0.7501626193763383 1.4214150429449552 0.7437857926894131
v 0.7111001193763383 1.4766577602251543 0.7828482926894131
v 0.5314126193763382 1.1120558261758409 0.962535792689413
v 0.49235011937633827 1.16729854345604 1.0015982926894131
vt 0.4375 0.625
vt 0.4166666666666667 0.625
vt 0.4166666666666667 0.5
vt 0.4375 0.5
vt 0.5208333333333334 0.625
vt 0.5 0.625
vt 0.5 0.5
vt 0.5208333333333334 0.5
vt 0.4583333333333333 0.625
vt 0.4375 0.625
vt 0.4375 0.5
vt 0.4583333333333333 0.5
vt 0.5625 0.625
vt 0.5416666666666666 0.625
vt 0.5416666666666666 0.5
vt 0.5625 0.5
vt 0.3958333333333333 0.5625
vt 0.4166666666666667 0.5625
vt 0.4166666666666667 0.5208333333333333
vt 0.3958333333333333 0.5208333333333333
vt 0.4583333333333333 0.5416666666666667
vt 0.4791666666666667 0.5416666666666667
vt 0.4791666666666667 0.5
vt 0.4583333333333333 0.5
vn 0.5 -0.7071067811865476 -0.4999999999999999
vn 0.7071067811865475 0 0.7071067811865476
vn -0.5 0.7071067811865476 0.4999999999999999
vn -0.7071067811865475 0 -0.7071067811865476
vn 0.5000000000000001 0.7071067811865475 -0.5
vn -0.5000000000000001 -0.7071067811865475 0.5
usemtl m_5ede2943-9ccc-9358-9ebd-a5031c4ae99e
f 92/268/67 95/267/67 93/266/67 90/265/67
f 91/272/68 92/271/68 90/270/68 89/269/68
f 96/276/69 91/275/69 89/274/69 94/273/69
f 95/280/70 96/279/70 94/278/70 93/277/70
f 94/284/71 89/283/71 90/282/71 93/281/71
f 95/288/72 92/287/72 91/286/72 96/285/72
o cube
v 0.36146512899384875 1.1146234870588505 0.16021145894039981
v 0.4164976310565643 1.1214325294610115 0.1051789568776843
v 0.4192417696653044 0.1806909575978392 0.10243481826894418
v 0.47427427172801995 0.1875 0.04740231620622866
v 0.3502063703203255 1.1214325294610115 0.038887696141445466
v 0.29517386825760994 1.1146234870588505 0.09392019820416098
v 0.40798301099178114 0.1875 -0.018888944530010176
v 0.3529505089290656 0.1806909575978392 0.03614355753270533
vt 0.4375 0.625
vt 0.4583333333333333 0.625
vt 0.4583333333333333 0.3125
vt 0.4375 0.3125
vt 0.5208333333333334 0.625
vt 0.5416666666666666 0.625
vt 0.5416666666666666 0.3125
vt 0.5208333333333334 0.3125
vt 0.4583333333333333 0.625
vt 0.4791666666666667 0.625
vt 0.4791666666666667 0.3125
vt 0.4583333333333333 0.3125
vt 0.5625 0.625
vt 0.5833333333333334 0.625
vt 0.5833333333333334 0.3125
vt 0.5625 0.3125
vt 0.3958333333333333 0.5625
vt 0.4166666666666667 0.5625
vt 0.4166666666666667 0.5208333333333333
vt 0.3958333333333333 0.5208333333333333
vt 0.4583333333333333 0.5416666666666667
vt 0.4791666666666667 0.5416666666666667
vt 0.4791666666666667 0.5
vt 0.4583333333333333 0.5
vn 0.7044160264027588 0.0871557427476582 -0.7044160264027587
vn 0.7071067811865475 -6.93889390390723e-18 0.7071067811865476
vn -0.7044160264027588 -0.0871557427476582 0.7044160264027587
vn -0.7071067811865475 6.93889390390723e-18 -0.7071067811865476
vn -0.06162841671621936 0.9961946980917455 0.06162841671621935
vn 0.06162841671621936 -0.9961946980917455 -0.06162841671621935
usemtl m_5ede2943-9ccc-9358-9ebd-a5031c4ae99e
f 100/292/73 103/291/73 101/290/73 98/289/73
f 99/296/74 100/295/74 98/294/74 97/293/74
f 104/300/75 99/299/75 97/298/75 102/297/75
f 103/304/76 104/303/76 102/302/76 101/301/76
f 102/308/77 97/307/77 98/306/77 101/305/77
f 103/312/78 100/311/78 99/310/78 104/309/78
o cube
v 0.6096009318092377 1.1282415718631724 1.0169300017289915
v 0.6646334338719532 1.1214325294610115 0.9618974996662759
v 0.5479725150930183 0.1320468737714267 1.0785584184452108
v 0.6030050171557338 0.12523783136926592 1.0235259163824952
v 0.5983421731357144 1.1214325294610115 0.8956062389300371
v 0.5433096710729988 1.1282415718631724 0.9506387409927526
v 0.5367137564194949 0.12523783136926592 0.9572346556462564
v 0.48168125435677944 0.1320468737714267 1.012267157708972
vt 0.4375 0.625
vt 0.4583333333333333 0.625
vt 0.4583333333333333 0.3125
vt 0.4375 0.3125
vt 0.5208333333333334 0.625
vt 0.5416666666666666 0.625
vt 0.5416666666666666 0.3125
vt 0.5208333333333334 0.3125
vt 0.4583333333333333 0.625
vt 0.4791666666666667 0.625
vt 0.4791666666666667 0.3125
vt 0.4583333333333333 0.3125
vt 0.5625 0.625
vt 0.5833333333333334 0.625
vt 0.5833333333333334 0.3125
vt 0.5625 0.3125
vt 0.3958333333333333 0.5625
vt 0.4166666666666667 0.5625
vt 0.4166666666666667 0.5208333333333333
vt 0.3958333333333333 0.5208333333333333
vt 0.4583333333333333 0.5416666666666667
vt 0.4791666666666667 0.5416666666666667
vt 0.4791666666666667 0.5
vt 0.4583333333333333 0.5
vn 0.7044160264027588 -0.0871557427476582 -0.7044160264027587
vn 0.7071067811865475 6.93889390390723e-18 0.7071067811865476
vn -0.7044160264027588 0.0871557427476582 0.7044160264027587
vn -0.7071067811865475 -6.93889390390723e-18 -0.7071067811865476
vn 0.06162841671621936 0.9961946980917455 -0.06162841671621935
vn -0.06162841671621936 -0.9961946980917455 0.06162841671621935
usemtl m_5ede2943-9ccc-9358-9ebd-a5031c4ae99e
f 108/316/79 111/315/79 109/314/79 106/313/79
f 107/320/80 108/319/80 106/318/80 105/317/80
f 112/324/81 107/323/81 105/322/81 110/321/81
f 111/328/82 112/327/82 110/326/82 109/325/82
f 110/332/83 105/331/83 106/330/83 109/329/83
f 111/336/84 108/335/84 107/334/84 112/333/84
o cube
v 0.8129023697712732 1.0544734040191712 0.7449825048561619
v 0.8675402510182416 1.0626284986005452 0.6897402023135359
v 0.91669971284429 0.12338689994899397 0.7101933756724912
v 0.9713375940912585 0.131541994530368 0.6549510731298653
v 0.8013398401509173 1.0577220027027692 0.6235397914462116
v 0.7467019589039489 1.0495669081213954 0.6787820939888376
v 0.9051371832239341 0.126635498632592 0.5887506622625409
v 0.8504993019769657 0.11848040405121799 0.6439929648051669
vt 0.4375 0.625
vt 0.4583333333333333 0.625
vt 0.4583333333333333 0.3125
vt 0.4375 0.3125
vt 0.5208333333333334 0.625
vt 0.5416666666666666 0.625
vt 0.5416666666666666 0.3125
vt 0.5208333333333334 0.3125
vt 0.4583333333333333 0.625
vt 0.4791666666666667 0.625
vt 0.4791666666666667 0.3125
vt 0.4583333333333333 0.3125
vt 0.5625 0.625
vt 0.5833333333333334 0.625
vt 0.5833333333333334 0.3125
vt 0.5625 0.3125
vt 0.3958333333333333 0.5625
vt 0.4166666666666667 0.5625
vt 0.4166666666666667 0.5208333333333333
vt 0.3958333333333333 0.5208333333333333
vt 0.4583333333333333 0.5416666666666667
vt 0.4791666666666667 0.5416666666666667
vt 0.4791666666666667 0.5
vt 0.4583333333333333 0.5
vn 0.6993648799611963 0.1043852106415874 -0.7071014725456122
vn 0.7061377159181262 0.0523359562429439 0.7061377159181264
vn -0.6993648799611963 -0.1043852106415874 0.7071014725456122
vn -0.7061377159181262 -0.0523359562429439 -0.7061377159181264
vn -0.1107171659445513 0.9931589376748557 0.03710840446258209
vn 0.1107171659445513 -0.9931589376748557 -0.03710840446258209
usemtl m_5ede2943-9ccc-9358-9ebd-a5031c4ae99e
f 116/340/85 119/339/85 117/338/85 114/337/85
f 115/344/86 116/343/86 114/342/86 113/341/86
f 120/348/87 115/347/87 113/346/87 118/345/87
f 119/352/88 120/351/88 118/350/88 117/349/88
f 118/356/89 113/355/89 114/354/89 117/353/89
f 119/360/90 116/359/90 115/358/90 120/357/90
o cube
v 0.18229548958456565 1.4435166661696168 0.3393810983496829
v 0.22461386617985485 1.4937344481763777 0.2970627217543937
v 0.3811477610660848 1.1083722223050638 0.14052882686816376
v 0.423466137661374 1.1585900043118247 0.09821045027287456
v 0.15832260544361604 1.4937344481763777 0.23077146101815485
v 0.11600422884832684 1.4435166661696168 0.2730898376134441
v 0.35717487692513517 1.1585900043118247 0.03191918953663573
v 0.31485650032984597 1.1083722223050638 0.07423756613192493
vt 0.4895833333333333 0.625
vt 0.46875 0.625
vt 0.46875 0.5
vt 0.4895833333333333 0.5
vt 0.546875 0.625
vt 0.5260416666666666 0.625
vt 0.5260416666666666 0.5
vt 0.546875 0.5
vt 0.46875 0.625
vt 0.4479166666666667 0.625
vt 0.4479166666666667 0.5
vt 0.46875 0.5
vt 0.5885416666666666 0.625
vt 0.5677083333333334 0.625
vt 0.5677083333333334 0.5
vt 0.5885416666666666 0.5
vt 0.3958333333333333 0.5208333333333333
vt 0.4166666666666667 0.5208333333333333
vt 0.4166666666666667 0.5625
vt 0.3958333333333333 0.5625
vt 0.4583333333333333 0.5
vt 0.4791666666666667 0.5
vt 0.4791666666666667 0.5416666666666667
vt 0.4583333333333333 0.5416666666666667
vn 0.541675220419702 0.6427876096865394 -0.5416752204197018
vn 0.7071067811865475 2.7755575615628907e-17 0.7071067811865476
vn -0.541675220419702 -0.6427876096865394 0.5416752204197018
vn -0.7071067811865475 -2.7755575615628907e-17 -0.7071067811865476
vn -0.45451947767204376 0.7660444431189781 0.45451947767204365
vn 0.45451947767204376 -0.7660444431189781 -0.45451947767204365
usemtl m_5ede2943-9ccc-9358-9ebd-a5031c4ae99e
f 124/364/91 127/363/91 125/362/91 122/361/91
f 123/368/92 124/367/92 122/366/92 121/365/92
f 128/372/93 123/371/93 121/370/93 126/369/93
f 127/376/94 128/375/94 126/374/94 125/373/94
f 126/380/95 121/379/95 122/378/95 125/377/95
f 127/384/96 124/383/96 123/382/96 128/381/96