# Made in Blockbench 4.10.2
mtllib horizontal_tusk.mtl

o cube
v 0.69625 -0.06223536864693313 2.2950355004231806
v 0.25 -0.06223536864693313 2.2950355004231806
v 0.25 -0.1987662483375574 1.5207304046173298
v 0.69625 -0.1987662483375574 1.5207304046173298
v 0.69625 0.4227824497115791 2.209513772922217
v 0.69625 0.2862515700209547 1.4352086771163668
v 0.25 0.4227824497115791 2.209513772922217
v 0.25 0.2862515700209547 1.4352086771163668
vt 0.3103125 0.7678125
vt 0.3103125 0.879375
vt 0.11374999999999999 0.879375
vt 0.11374999999999999 0.7678125
vt 0.30046967614663006 0.7620315044692556
vt 0.30046967614663006 0.8851568759094472
vt 0.10390687590944714 0.8851556952935612
vt 0.10390687590944697 0.7620303238533697
vt 0.1762499999999998 0.7678125
vt 0.1762499999999998 0.879375
vt 0.37281249999999977 0.879375
vt 0.37281249999999977 0.7678125
vt 0.1562500000000001 0.7987484479439222
vt 0.15625000000000022 0.9218738193841138
vt 0.35281280023718326 0.921875
vt 0.3528128002371831 0.7987496285598084
vt 0.3928124999999998 0.8749999999999992
vt 0.2812499999999998 0.8749999999999992
vt 0.2812499999999998 0.7518749999999992
vt 0.3928124999999998 0.7518749999999992
vt 0.234375 0.7831249999999992
vt 0.3459375 0.7831249999999992
vt 0.3459375 0.9062499999999992
vt 0.234375 0.9062499999999992
vn 0 -0.9848077530122082 0.17364817766693022
vn 1 0 0
vn 0 0.984807753012208 -0.17364817766693044
vn -1 0 0
vn 0 -0.17364817766693005 -0.9848077530122082
vn 0 0.17364817766693091 0.9848077530122081
usemtl m_debfb7e5-a20c-8976-65e4-59165f169ec6
f 1/1/1 2/2/1 3/3/1 4/4/1
f 5/5/2 1/6/2 4/7/2 6/8/2
f 7/9/3 5/10/3 6/11/3 8/12/3
f 2/13/4 7/14/4 8/15/4 3/16/4
f 8/17/5 6/18/5 4/19/5 3/20/5
f 2/21/6 1/22/6 5/23/6 7/24/6
o cube
v 0.76125 0.2236550025588171 3.284002787778908
v 0.17625000000000002 0.2236550025588171 3.284002787778908
v 0.17625000000000002 -0.09622079166385278 2.2694863814204833
v 0.76125 -0.09622079166385278 2.2694863814204833
v 0.76125 0.781579418746529 3.1080898950689084
v 0.76125 0.46170362452385916 2.0935734887104838
v 0.17625000000000002 0.781579418746529 3.1080898950689084
v 0.17625000000000002 0.46170362452385916 2.0935734887104838
vt 0.04953124999999997 0.71578125
vt 0.04953124999999997 0.86203125
vt 0.31546875 0.86203125
vt 0.31546875 0.71578125
vt 0.049531977569639674 0.7157815135274784
vt 0.049531977569639674 0.8620316232029182
vt 0.31546848647252146 0.8620319775696397
vt 0.31546848647252157 0.7157818678942001
vt 0.04953124999999997 0.54390625
vt 0.04953124999999997 0.69015625
vt 0.31546875 0.69015625
vt 0.31546875 0.54390625
vt 0.109375 0.7756248903245604
vt 0.109375 0.921875
vt 0.3753115089028819 0.9218746456332786
vt 0.3753115089028819 0.7756245359578389
vt 0.4118749999999992 0.8749999999999991
vt 0.2656249999999992 0.8749999999999991
vt 0.2656249999999992 0.7287499999999991
vt 0.4118749999999992 0.7287499999999991
vt 0.109375 0.775625
vt 0.255625 0.775625
vt 0.255625 0.921875
vt 0.109375 0.921875
vn 0 -0.9537169507482269 0.30070579950427306
vn 1 0 0
vn 0 0.9537169507482269 -0.30070579950427306
vn -1 0 0
vn 0 -0.30070579950427323 -0.953716950748227
vn 0 0.30070579950427323 0.953716950748227
usemtl m_debfb7e5-a20c-8976-65e4-59165f169ec6
f 9/25/7 10/26/7 11/27/7 12/28/7
f 13/29/8 9/30/8 12/31/8 14/32/8
f 15/33/9 13/34/9 14/35/9 16/36/9
f 10/37/10 15/38/10 16/39/10 11/40/10
f 16/41/11 14/42/11 12/43/11 11/44/11
f 10/45/12 9/46/12 13/47/12 15/48/12
o cube
v 0.5925 -0.110705535255606 0.8594196888887025
v 0.33125000000000004 -0.110705535255606 0.8594196888887025
v 0.33125000000000004 0.110752507547765 0.25096871692982603
v 0.5925 0.110752507547765 0.25096871692982603
v 0.5925 0.13478916192471302 0.9487724513325337
v 0.5925 0.3562472047280839 0.3403214793736572
v 0.33125000000000004 0.13478916192471302 0.9487724513325337
v 0.33125000000000004 0.3562472047280839 0.3403214793736572
vt 0.2642187500000003 0.8267187499999993
vt 0.2642187500000003 0.7614062499999993
vt 0.42609375000000027 0.7614062499999993
vt 0.42609375000000027 0.8267187499999993
vt 0.2187500000000006 0.921875
vt 0.21875000000000067 0.8565624243047687
vt 0.38062461835059946 0.8565598548923758
vt 0.380626621039666 0.9218733644232473
vt 0.23296875000000072 0.87359375
vt 0.23296875000000072 0.8082812500000001
vt 0.3948437500000007 0.8082812500000001
vt 0.3948437500000007 0.87359375
vt 0.24859426203397864 0.8735916926215865
vt 0.24859426203397864 0.8082791169263552
vt 0.410470883073644 0.8082807525031079
vt 0.41046888038457746 0.8735942620339794
vt 0.3621875000000003 0.8281249999999994
vt 0.2968750000000003 0.8281249999999994
vt 0.2968750000000003 0.7628124999999994
vt 0.3621875000000003 0.7628124999999994
vt 0.2968750000000007 0.8409374999999994
vt 0.3621875000000007 0.8409374999999994
vt 0.3621875000000007 0.9062499999999994
vt 0.2968750000000007 0.9062499999999994
vn 0 -0.9396926207859083 -0.342020143325669
vn 1 0 0
vn 0 0.9396926207859085 0.3420201433256688
vn -1 0 0
vn 0 0.34202014332566905 -0.9396926207859083
vn 0 -0.34202014332566927 0.9396926207859082
usemtl m_debfb7e5-a20c-8976-65e4-59165f169ec6
f 17/49/13 18/50/13 19/51/13 20/52/13
f 21/53/14 17/54/14 20/55/14 22/56/14
f 23/57/15 21/58/15 22/59/15 24/60/15
f 18/61/16 23/62/16 24/63/16 19/64/16
f 24/65/17 22/66/17 20/67/17 19/68/17
f 18/69/18 17/70/18 21/71/18 23/72/18
o cube
v 0.54375 0.1458104552112327 0.3023818317216942
v 0.375 0.1458104552112327 0.3023818317216942
v 0.375 0.40304264270727463 -0.10139182296122462
v 0.54375 0.40304264270727463 -0.10139182296122462
v 0.54375 0.2881327616921573 0.39305114063022084
v 0.54375 0.5453649491881993 -0.010722514052697973
v 0.375 0.2881327616921573 0.39305114063022084
v 0.375 0.5453649491881993 -0.010722514052697973
vt 0.27375000000000066 0.8206250000000008
vt 0.27375000000000066 0.7784375000000008
vt 0.39343750000000066 0.7784375000000008
vt 0.39343750000000066 0.8206250000000008
vt 0.26562499999999933 0.921875
vt 0.26562499999999933 0.8796883249501953
vt 0.385312657720582 0.8796869255594051
vt 0.385312657720582 0.9218736006092098
vt 0.25812500000000005 0.883125
vt 0.25812500000000005 0.8409375
vt 0.3778125 0.8409375
vt 0.3778125 0.883125
vt 0.28937520836000574 0.8831238089692159
vt 0.28937520836000574 0.8409371339194113
vt 0.4090628660805885 0.8409385333102014
vt 0.40906286608058845 0.8831252083600061
vt 0.3546875000000007 0.8281249999999996
vt 0.3125000000000007 0.8281249999999996
vt 0.3125000000000007 0.7859374999999995
vt 0.3546875000000007 0.7859374999999995
vt 0.28125 0.8640624999999995
vt 0.3234375 0.8640624999999995
vt 0.3234375 0.9062499999999996
vt 0.28125 0.9062499999999996
vn 0 -0.8433914458128857 -0.5372996083468241
vn 1 0 0
vn 0 0.8433914458128856 0.5372996083468243
vn -1 0 0
vn 0 0.5372996083468238 -0.8433914458128859
vn 0 -0.537299608346824 0.8433914458128856
usemtl m_debfb7e5-a20c-8976-65e4-59165f169ec6
f 25/73/19 26/74/19 27/75/19 28/76/19
f 29/77/20 25/78/20 28/79/20 30/80/20
f 31/81/21 29/82/21 30/83/21 32/84/21
f 26/85/22 31/86/22 32/87/22 27/88/22
f 32/89/23 30/90/23 28/91/23 27/92/23
f 26/93/24 25/94/24 29/95/24 31/96/24
o cube
v 0.6475 -0.15419793879526178 1.5841595669831898
v 0.29374999999999996 -0.15419793879526178 1.5841595669831898
v 0.29374999999999996 -0.11788479881361935 0.75245192251629
v 0.6475 -0.11788479881361935 0.75245192251629
v 0.6475 0.24542134983748176 1.601607321929324
v 0.6475 0.2817344898191242 0.7698996774624245
v 0.29374999999999996 0.24542134983748176 1.601607321929324
v 0.29374999999999996 0.2817344898191242 0.7698996774624245
vt 0.1589062500000002 0.86203125
vt 0.1589062500000002 0.77359375
vt 0.3670312500000002 0.77359375
vt 0.3670312500000002 0.86203125
vt 0.2031250000000006 0.9218715140074598
vt 0.2031250000000006 0.8218716922058609
vt 0.4112512057408525 0.8218735490451072
vt 0.4112497128670984 0.921875
vt 0.1589062499999993 0.86203125
vt 0.1589062499999993 0.7735937500000001
vt 0.3670312499999993 0.7735937500000001
vt 0.3670312499999993 0.86203125
vt 0.195938551026643 0.8678135510266435
vt 0.19593855102664312 0.7678137292250445
vt 0.4040632638937409 0.7678102432325046
vt 0.40406475676749487 0.8678116941873973
vt 0.3853125000000002 0.8593750000000002
vt 0.2968750000000002 0.8593750000000002
vt 0.2968750000000002 0.7593750000000001
vt 0.3853125000000002 0.7593750000000001
vt 0.2812499999999993 0.821875
vt 0.3696874999999993 0.821875
vt 0.3696874999999993 0.921875
vt 0.2812499999999993 0.921875
vn 0 -0.9990482215818579 -0.04361938736533608
vn 1 0 0
vn 0 0.9990482215818579 0.04361938736533609
vn -1 0 0
vn 0 0.04361938736533617 -0.9990482215818578
vn 0 -0.04361938736533561 0.9990482215818578
usemtl m_debfb7e5-a20c-8976-65e4-59165f169ec6
f 33/97/25 34/98/25 35/99/25 36/100/25
f 37/101/26 33/102/26 36/103/26 38/104/26
f 39/105/27 37/106/27 38/107/27 40/108/27
f 34/109/28 39/110/28 40/111/28 35/112/28
f 40/113/29 38/114/29 36/115/29 35/116/29
f 34/117/30 33/118/30 37/119/30 39/120/30