# Made in Blockbench 4.8.3
mtllib horizontal_tusk.mtl

o cube
v 0.69625 0.2862515700209547 1.4352086771163668
v 0.69625 -0.1987662483375574 1.5207304046173298
v 0.69625 0.4227824497115791 2.209513772922217
v 0.69625 -0.06223536864693313 2.2950355004231806
v 0.25 -0.1987662483375574 1.5207304046173298
v 0.25 0.2862515700209547 1.4352086771163668
v 0.25 -0.06223536864693313 2.2950355004231806
v 0.25 0.4227824497115791 2.209513772922217
vt 0.47781250000000053 0.7372
vt 0.47781250000000053 0.88
vt 0.28125 0.88
vt 0.28125 0.7372
vt 0.43093750000000053 0.8024000000000002
vt 0.43093750000000053 0.96
vt 0.234375 0.96
vt 0.234375 0.8024000000000002
vt 0.43093750000000053 0.8371999999999999
vt 0.43093750000000053 0.98
vt 0.234375 0.98
vt 0.234375 0.8371999999999999
vt 0.7278125000000005 0.8024000000000002
vt 0.7278125000000005 0.96
vt 0.53125 0.96
vt 0.53125 0.8024000000000002
vt 0.8125 0.47719999999999996
vt 0.8125 0.5800000000000001
vt 0.9356249999999998 0.5800000000000001
vt 0.9356249999999998 0.47719999999999996
vt 0.671875 0.76
vt 0.7834375 0.76
vt 0.7834375 0.6024000000000003
vt 0.671875 0.6024000000000003
vn 0 -0.9848077530122081 0.17364817766693025
vn 1 0 0
vn 0 0.9848077530122081 -0.17364817766693025
vn -1 0 0
vn 0 -0.17364817766693025 -0.9848077530122081
vn 0 0.17364817766693025 0.9848077530122081
usemtl m_8b4b8c4a-bed9-ba40-40d9-25b7fa59b895
f 4/4/1 7/3/1 5/2/1 2/1/1
f 3/8/2 4/7/2 2/6/2 1/5/2
f 8/12/3 3/11/3 1/10/3 6/9/3
f 7/16/4 8/15/4 6/14/4 5/13/4
f 6/20/5 1/19/5 2/18/5 5/17/5
f 7/24/6 4/23/6 3/22/6 8/21/6
o cube
v 0.76125 0.46170362452385916 2.0935734887104838
v 0.76125 -0.09622079166385278 2.2694863814204833
v 0.76125 0.781579418746529 3.1080898950689084
v 0.76125 0.2236550025588171 3.284002787778908
v 0.17625000000000002 -0.09622079166385278 2.2694863814204833
v 0.17625000000000002 0.46170362452385916 2.0935734887104838
v 0.17625000000000002 0.2236550025588171 3.284002787778908
v 0.17625000000000002 0.781579418746529 3.1080898950689084
vt 0.2971874999999996 0.76
vt 0.2971874999999996 0.5728
vt 0.03125 0.5728
vt 0.03125 0.76
vt 0.2971874999999996 0.8128000000000003
vt 0.2971874999999996 1
vt 0.03125 1
vt 0.03125 0.8128000000000003
vt 0.2971874999999996 0.7
vt 0.2971874999999996 0.5128
vt 0.03125 0.5128
vt 0.03125 0.7
vt 0.4534374999999996 0.98
vt 0.4534374999999996 0.7928000000000003
vt 0.1875 0.7928000000000003
vt 0.1875 0.98
vt 0.8125 0.5800000000000001
vt 0.95875 0.5800000000000001
vt 0.95875 0.4328000000000003
vt 0.8125 0.4328000000000003
vt 0 1
vt 0.14625 1
vt 0.14625 0.8128000000000003
vt 0 0.8128000000000003
vn 0 -0.953716950748227 0.300705799504273
vn 1 0 0
vn 0 0.953716950748227 -0.300705799504273
vn -1 0 0
vn 0 -0.300705799504273 -0.953716950748227
vn 0 0.300705799504273 0.953716950748227
usemtl m_8b4b8c4a-bed9-ba40-40d9-25b7fa59b895
f 12/28/7 15/27/7 13/26/7 10/25/7
f 11/32/8 12/31/8 10/30/8 9/29/8
f 16/36/9 11/35/9 9/34/9 14/33/9
f 15/40/10 16/39/10 14/38/10 13/37/10
f 14/44/11 9/43/11 10/42/11 13/41/11
f 15/48/12 12/47/12 11/46/12 16/45/12
o cube
v 0.5925 0.3562472047280839 0.3403214793736572
v 0.5925 0.110752507547765 0.25096871692982603
v 0.5925 0.13478916192471302 0.9487724513325337
v 0.5925 -0.110705535255606 0.8594196888887025
v 0.33125000000000004 0.110752507547765 0.25096871692982603
v 0.33125000000000004 0.3562472047280839 0.3403214793736572
v 0.33125000000000004 -0.110705535255606 0.8594196888887025
v 0.33125000000000004 0.13478916192471302 0.9487724513325337
vt 0.828125 0.45640000000000003
vt 0.828125 0.54
vt 0.9900000000000002 0.54
vt 0.9900000000000002 0.45640000000000003
vt 0.703125 0.9164
vt 0.703125 1
vt 0.8650000000000002 1
vt 0.8650000000000002 0.9164
vt 0.78125 0.7564
vt 0.78125 0.84
vt 0.9431250000000002 0.84
vt 0.9431250000000002 0.7564
vt 0.78125 0.8964
vt 0.78125 0.98
vt 0.9431250000000002 0.98
vt 0.9431250000000002 0.8964
vt 0.84375 0.54
vt 0.9090625 0.54
vt 0.9090625 0.49639999999999995
vt 0.84375 0.49639999999999995
vt 0.84375 0.88
vt 0.9090625 0.88
vt 0.9090625 0.7964
vt 0.84375 0.7964
vn 0 -0.9396926207859084 -0.342020143325669
vn 1 0 0
vn 0 0.9396926207859084 0.342020143325669
vn -1 0 0
vn 0 0.342020143325669 -0.9396926207859084
vn 0 -0.342020143325669 0.9396926207859084
usemtl m_8b4b8c4a-bed9-ba40-40d9-25b7fa59b895
f 20/52/13 23/51/13 21/50/13 18/49/13
f 19/56/14 20/55/14 18/54/14 17/53/14
f 24/60/15 19/59/15 17/58/15 22/57/15
f 23/64/16 24/63/16 22/62/16 21/61/16
f 22/68/17 17/67/17 18/66/17 21/65/17
f 23/72/18 20/71/18 19/70/18 24/69/18
o cube
v 0.54375 0.5453649491881993 -0.010722514052697973
v 0.54375 0.40304264270727463 -0.10139182296122462
v 0.54375 0.2881327616921573 0.39305114063022084
v 0.54375 0.1458104552112327 0.3023818317216942
v 0.375 0.40304264270727463 -0.10139182296122462
v 0.375 0.5453649491881993 -0.010722514052697973
v 0.375 0.1458104552112327 0.3023818317216942
v 0.375 0.2881327616921573 0.39305114063022084
vt 0.84375 0.46599999999999997
vt 0.84375 0.52
vt 0.9634375000000001 0.52
vt 0.9634375000000001 0.46599999999999997
vt 0.84375 0.946
vt 0.84375 1
vt 0.9634375000000001 1
vt 0.9634375000000001 0.946
vt 0.8125 0.88
vt 0.8546875 0.88
vt 0.8546875 0.7267999999999999
vt 0.8125 0.7267999999999999
vt 0.875 0.846
vt 0.875 0.9
vt 0.9946875000000001 0.9
vt 0.9946875000000001 0.846
vt 0.875 0.56
vt 0.9171875 0.56
vt 0.9171875 0.5459999999999999
vt 0.875 0.5459999999999999
vt 0.78125 0.92
vt 0.8234375 0.92
vt 0.8234375 0.8659999999999999
vt 0.78125 0.8659999999999999
vn 0 -0.8433914458128856 -0.537299608346824
vn 1 0 0
vn 0 0.8433914458128856 0.537299608346824
vn -1 0 0
vn 0 0.537299608346824 -0.8433914458128856
vn 0 -0.537299608346824 0.8433914458128856
usemtl m_8b4b8c4a-bed9-ba40-40d9-25b7fa59b895
f 28/76/19 31/75/19 29/74/19 26/73/19
f 27/80/20 28/79/20 26/78/20 25/77/20
f 32/84/21 27/83/21 25/82/21 30/81/21
f 31/88/22 32/87/22 30/86/22 29/85/22
f 30/92/23 25/91/23 26/90/23 29/89/23
f 31/96/24 28/95/24 27/94/24 32/93/24
o cube
v 0.6475 0.2817344898191242 0.7698996774624245
v 0.6475 -0.11788479881361935 0.75245192251629
v 0.6475 0.24542134983748176 1.601607321929324
v 0.6475 -0.15419793879526178 1.5841595669831898
v 0.29374999999999996 -0.11788479881361935 0.75245192251629
v 0.29374999999999996 0.2817344898191242 0.7698996774624245
v 0.29374999999999996 -0.15419793879526178 1.5841595669831898
v 0.29374999999999996 0.24542134983748176 1.601607321929324
vt 0.6925000000000008 0.8268
vt 0.6925000000000008 0.94
vt 0.484375 0.94
vt 0.484375 0.8268
vt 0.671875 0.772
vt 0.671875 0.9
vt 0.8800000000000008 0.9
vt 0.8800000000000008 0.772
vt 0.7237500000000008 0.8200000000000001
vt 0.7237500000000008 0.7068
vt 0.515625 0.7068
vt 0.515625 0.8200000000000001
vt 0.8643750000000008 0.92
vt 0.8643750000000008 0.792
vt 0.65625 0.792
vt 0.65625 0.92
vt 0.828125 0.4868
vt 0.828125 0.56
vt 0.928125 0.56
vt 0.928125 0.4868
vt 0.78125 0.8868
vt 0.78125 1
vt 0.88125 1
vt 0.88125 0.8868
vn 0 -0.9990482215818579 -0.04361938736533605
vn 1 0 0
vn 0 0.9990482215818579 0.04361938736533605
vn -1 0 0
vn 0 0.04361938736533605 -0.9990482215818579
vn 0 -0.04361938736533605 0.9990482215818579
usemtl m_8b4b8c4a-bed9-ba40-40d9-25b7fa59b895
f 36/100/25 39/99/25 37/98/25 34/97/25
f 35/104/26 36/103/26 34/102/26 33/101/26
f 40/108/27 35/107/27 33/106/27 38/105/27
f 39/112/28 40/111/28 38/110/28 37/109/28
f 38/116/29 33/115/29 34/114/29 37/113/29
f 39/120/30 36/119/30 35/118/30 40/117/30