# Made in Blockbench 4.8.3
mtllib horn_s_2.mtl

o cube
v 0.6623623148131277 0.639575 0.754857783829576
v 0.754857783829576 0.639575 0.3376376851868723
v 0.6623623148131277 0 0.754857783829576
v 0.754857783829576 0 0.3376376851868723
v 0.3376376851868723 0.639575 0.24514221617042398
v 0.24514221617042398 0.639575 0.6623623148131277
v 0.3376376851868723 0 0.24514221617042398
v 0.24514221617042398 0 0.6623623148131277
vt 0.33176875 0.84
vt 0.33176875 0.703248
vt 0.171875 0.703248
vt 0.171875 0.84
vt 0.36301875 0.623248
vt 0.36301875 0.76
vt 0.203125 0.76
vt 0.203125 0.623248
vt 0.46875 0.98
vt 0.46875 0.843248
vt 0.30885625000000005 0.843248
vt 0.30885625000000005 0.98
vt 0.26926875 0.72
vt 0.26926875 0.583248
vt 0.109375 0.583248
vt 0.109375 0.72
vt 0.875 0.56
vt 0.9818375 0.56
vt 0.9818375 0.42324799999999996
vt 0.875 0.42324799999999996
vt 0 0.92
vt 0.1068375 0.92
vt 0.1068375 0.7832479999999999
vt 0 0.7832479999999999
vn 0.21643961393810288 0 -0.9762960071199334
vn 0.9762960071199334 0 0.21643961393810288
vn -0.21643961393810288 0 0.9762960071199334
vn -0.9762960071199334 0 -0.21643961393810288
vn 0 1 0
vn 0 -1 0
usemtl m_935758ac-b5ac-80ec-13c9-216875bf7d18
f 4/4/1 7/3/1 5/2/1 2/1/1
f 3/8/2 4/7/2 2/6/2 1/5/2
f 8/12/3 3/11/3 1/10/3 6/9/3
f 7/16/4 8/15/4 6/14/4 5/13/4
f 6/20/5 1/19/5 2/18/5 5/17/5
f 7/24/6 4/23/6 3/22/6 8/21/6
o cube
v 0.44557562131978756 1.7893079238684213 1.0098698526770238
v 0.49655120078895654 1.9193850222118596 0.8481959697851544
v 0.5238054970289068 1.450268373894962 0.7617563854884613
v 0.5747810764980756 1.5803454722384007 0.6000825025965919
v 0.2927657313378291 1.9193850222118596 0.7839426580760789
v 0.24179015186866004 1.7893079238684213 0.9456165409679482
v 0.37099560704694823 1.5803454722384007 0.5358291908875163
v 0.32002002757777925 1.450268373894962 0.6975030737793859
vt 0.46875 0.731624
vt 0.46875 0.8
vt 0.5755874999999999 0.8
vt 0.5755874999999999 0.731624
vt 0.859375 0.5916239999999999
vt 0.859375 0.6599999999999999
vt 0.9662124999999999 0.6599999999999999
vt 0.9662124999999999 0.5916239999999999
vt 0.625 0.771624
vt 0.625 0.84
vt 0.7318374999999999 0.84
vt 0.7318374999999999 0.771624
vt 0.625 0.631624
vt 0.625 0.7
vt 0.7318374999999999 0.7
vt 0.7318374999999999 0.631624
vt 0.90625 0.52
vt 0.95966875 0.52
vt 0.95966875 0.4516239999999999
vt 0.90625 0.4516239999999999
vt 0.84375 0.88
vt 0.89716875 0.88
vt 0.89716875 0.8116239999999999
vt 0.84375 0.8116239999999999
vn 0.23856595048166152 0.6087614290087207 -0.7566345285684772
vn 0.953716950748227 0 0.3007057995042731
vn -0.23856595048166152 -0.6087614290087207 0.7566345285684772
vn -0.953716950748227 0 -0.3007057995042731
vn -0.18305809221743113 0.7933533402912352 0.5805860938073303
vn 0.18305809221743113 -0.7933533402912352 -0.5805860938073303
usemtl m_935758ac-b5ac-80ec-13c9-216875bf7d18
f 12/28/7 15/27/7 13/26/7 10/25/7
f 11/32/8 12/31/8 10/30/8 9/29/8
f 16/36/9 11/35/9 9/34/9 14/33/9
f 15/40/10 16/39/10 14/38/10 13/37/10
f 14/44/11 9/43/11 10/42/11 13/41/11
f 15/48/12 12/47/12 11/46/12 16/45/12
o cube
v 0.3647822386975643 1.9784275790474388 1.1591154561508725
v 0.39428311916036485 2.0953451121784727 1.0655506170099158
v 0.437568345972148 1.7753227640767344 0.9282674166345521
v 0.4670692264349485 1.8922402972077688 0.8347025774935952
v 0.2487220695524167 2.0953451121784727 1.0196553943605762
v 0.2192211890896162 1.9784275790474388 1.1132202335015329
v 0.3215081768270004 1.8922402972077688 0.7888073548442556
v 0.29200729636419975 1.7753227640767344 0.8823721939852125
vt 0.828125 0.49116000000000004
vt 0.828125 0.54
vt 0.90711875 0.54
vt 0.90711875 0.49116000000000004
vt 0.765625 0.67116
vt 0.765625 0.72
vt 0.84461875 0.72
vt 0.84461875 0.67116
vt 0.703125 0.6799999999999999
vt 0.74128125 0.6799999999999999
vt 0.74128125 0.578888
vt 0.703125 0.578888
vt 0.92100625 0.6111599999999999
vt 0.92100625 0.6599999999999999
vt 1 0.6599999999999999
vt 1 0.6111599999999999
vt 0.921875 0.8200000000000001
vt 0.96003125 0.8200000000000001
vt 0.96003125 0.77116
vt 0.921875 0.77116
vt 0.859375 0.78
vt 0.89753125 0.78
vt 0.89753125 0.73116
vt 0.859375 0.73116
vn 0.19328996208223143 0.766044443118978 -0.6130374390889877
vn 0.953716950748227 2.775557561562892e-17 0.3007057995042731
vn -0.19328996208223143 -0.766044443118978 0.6130374390889877
vn -0.953716950748227 -2.775557561562892e-17 -0.3007057995042731
vn -0.23035400672389802 0.6427876096865394 0.7305895704290554
vn 0.23035400672389802 -0.6427876096865394 -0.7305895704290554
usemtl m_935758ac-b5ac-80ec-13c9-216875bf7d18
f 20/52/13 23/51/13 21/50/13 18/49/13
f 19/56/14 20/55/14 18/54/14 17/53/14
f 24/60/15 19/59/15 17/58/15 22/57/15
f 23/64/16 24/63/16 22/62/16 21/61/16
f 22/68/17 17/67/17 18/66/17 21/65/17
f 23/72/18 20/71/18 19/70/18 24/69/18
o cube
v 0.5917870248697428 1.1459218609764281 0.7738607897481482
v 0.70099322324725 1.193733605186633 0.4275029785882001
v 0.614607946228412 0.5694710324521606 0.7014820741818526
v 0.7238141446059194 0.6172827766623654 0.3551242630219045
v 0.38075891410976404 1.193733605186633 0.3265334887596527
v 0.2715527157322567 1.1459218609764281 0.6728912999196011
v 0.40357983546843346 0.6172827766623654 0.2541547731933572
v 0.29437363709092623 0.5694710324521606 0.6005125843533055
vt 0.56723125 0.552552
vt 0.56723125 0.6599999999999999
vt 0.421875 0.6599999999999999
vt 0.421875 0.552552
vt 0.45785624999999996 0.662784
vt 0.45785624999999996 0.78
vt 0.3125 0.78
vt 0.3125 0.662784
vt 0.50473125 0.872552
vt 0.50473125 0.98
vt 0.359375 0.98
vt 0.359375 0.872552
vt 0.62973125 0.742784
vt 0.62973125 0.86
vt 0.484375 0.86
vt 0.484375 0.742784
vt 0.890625 0.43255200000000005
vt 0.890625 0.54
vt 0.9822 0.54
vt 0.9822 0.43255200000000005
vt 0.671875 0.76
vt 0.75581875 0.76
vt 0.75581875 0.642784
vt 0.671875 0.642784
vn 0.29813321970381496 0.1305261922200516 -0.9455577700244292
vn 0.9537169507482269 0 0.3007057995042731
vn -0.29813321970381496 -0.1305261922200516 0.9455577700244292
vn -0.9537169507482269 0 -0.3007057995042731
vn -0.03924998298777905 0.9914448613738106 0.12448504203688456
vn 0.03924998298777905 -0.9914448613738106 -0.12448504203688456
usemtl m_935758ac-b5ac-80ec-13c9-216875bf7d18
f 28/76/19 31/75/19 29/74/19 26/73/19
f 27/80/20 28/79/20 26/78/20 25/77/20
f 32/84/21 27/83/21 25/82/21 30/81/21
f 31/88/22 32/87/22 30/86/22 29/85/22
f 30/92/23 25/91/23 26/90/23 29/89/23
f 31/96/24 28/95/24 27/94/24 32/93/24
o cube
v 0.5293205567498762 1.4981443032556276 0.864980846442968
v 0.615575360855698 1.602545952005788 0.5914155580620872
v 0.5794021179721107 1.0405609815639294 0.7061424271762946
v 0.6656569220779323 1.1449626303140896 0.4325771387954136
v 0.3535654715613912 1.602545952005788 0.5088041572932758
v 0.26731066745556953 1.4981443032556276 0.7823694456741566
v 0.40364703278362546 1.1449626303140896 0.34996573802660214
v 0.3173922286778039 1.0405609815639294 0.6235310264074831
vt 0.5592375 0.7320880000000001
vt 0.5592375 0.8200000000000001
vt 0.4375 0.8200000000000001
vt 0.4375 0.7320880000000001
vt 0.5 0.60232
vt 0.5 0.7
vt 0.6217375 0.7
vt 0.6217375 0.60232
vt 0.7467375 0.64
vt 0.7467375 0.5520879999999999
vt 0.625 0.5520879999999999
vt 0.625 0.64
vt 0.5279875 0.54
vt 0.5279875 0.44232000000000005
vt 0.40625 0.44232000000000005
vt 0.40625 0.54
vt 0.9080625 0.45208799999999993
vt 0.9080625 0.54
vt 0.984375 0.54
vt 0.984375 0.45208799999999993
vt 0.78125 0.912088
vt 0.78125 1
vt 0.8575625 1
vt 0.8575625 0.912088
vn 0.28257102082169233 0.34202014332566866 -0.8962007809365465
vn 0.953716950748227 0 0.3007057995042731
vn -0.28257102082169233 -0.34202014332566866 0.8962007809365465
vn -0.953716950748227 0 -0.3007057995042731
vn -0.10284744064531127 0.9396926207859084 0.32619040818702827
vn 0.10284744064531127 -0.9396926207859084 -0.32619040818702827
usemtl m_935758ac-b5ac-80ec-13c9-216875bf7d18
f 36/100/25 39/99/25 37/98/25 34/97/25
f 35/104/26 36/103/26 34/102/26 33/101/26
f 40/108/27 35/107/27 33/106/27 38/105/27
f 39/112/28 40/111/28 38/110/28 37/109/28
f 38/116/29 33/115/29 34/114/29 37/113/29
f 39/120/30 36/119/30 35/118/30 40/117/30