# Made in Blockbench 4.8.3
mtllib horn_s_r_2.mtl

o cube
v 0.8610365292302118 1.4981443032556276 0.4389808400602693
v 0.5809946378458422 1.602545952005788 0.3768970474239206
v 0.6984376424371916 1.0405609815639294 0.4029335347065731
v 0.4183957510528221 1.1449626303140896 0.34084974207022456
v 0.5215332649066968 1.602545952005788 0.6451099679799444
v 0.8015751562910665 1.4981443032556276 0.707193760616293
v 0.3589343781136768 1.1449626303140896 0.6090626626262483
v 0.6389762694980465 1.0405609815639294 0.671146455262597
vt 0.5592375 0.7320880000000001
vt 0.5592375 0.8200000000000001
vt 0.4375 0.8200000000000001
vt 0.4375 0.7320880000000001
vt 0.5 0.60232
vt 0.5 0.7
vt 0.6217375 0.7
vt 0.6217375 0.60232
vt 0.7467375 0.64
vt 0.7467375 0.5520879999999999
vt 0.625 0.5520879999999999
vt 0.625 0.64
vt 0.5279875 0.54
vt 0.5279875 0.44232000000000005
vt 0.40625 0.44232000000000005
vt 0.40625 0.54
vt 0.9080625 0.45208799999999993
vt 0.9080625 0.54
vt 0.984375 0.54
vt 0.984375 0.45208799999999993
vt 0.78125 0.912088
vt 0.78125 1
vt 0.8575625 1
vt 0.8575625 0.912088
vn -0.9174181535933482 0.3420201433256687 -0.2033867080633859
vn 0.21643961393810263 0 -0.9762960071199335
vn 0.9174181535933482 -0.3420201433256687 0.2033867080633859
vn -0.21643961393810263 0 0.9762960071199335
vn 0.3339129002834377 0.9396926207859085 0.07402670778046226
vn -0.3339129002834377 -0.9396926207859085 -0.07402670778046226
usemtl m_935758ac-b5ac-80ec-13c9-216875bf7d18
f 4/4/1 7/3/1 5/2/1 2/1/1
f 3/8/2 4/7/2 2/6/2 1/5/2
f 8/12/3 3/11/3 1/10/3 6/9/3
f 7/16/4 8/15/4 6/14/4 5/13/4
f 6/20/5 1/19/5 2/18/5 5/17/5
f 7/24/6 4/23/6 3/22/6 8/21/6
o cube
v 1.0126730411011242 1.7893079238684213 0.50977919177346
v 0.8471715616537105 1.9193850222118596 0.47308839712045814
v 0.758685537640233 1.450268373894962 0.4534715178781752
v 0.5931840581928192 1.5803454722384007 0.41678072322517334
v 0.8009238271454864 1.9193850222118596 0.6816984464418101
v 0.9664253065929003 1.7893079238684213 0.7183892410948118
v 0.546936323684595 1.5803454722384007 0.6253907725465253
v 0.7124378031320089 1.450268373894962 0.662081567199527
vt 0.46875 0.731624
vt 0.46875 0.8
vt 0.5755874999999999 0.8
vt 0.5755874999999999 0.731624
vt 0.890625 0.5516239999999999
vt 0.890625 0.62
vt 0.9974624999999999 0.62
vt 0.9974624999999999 0.5516239999999999
vt 0.625 0.771624
vt 0.625 0.84
vt 0.7318374999999999 0.84
vt 0.7318374999999999 0.771624
vt 0.625 0.631624
vt 0.625 0.7
vt 0.7318374999999999 0.7
vt 0.7318374999999999 0.631624
vt 0.90625 0.52
vt 0.95966875 0.52
vt 0.95966875 0.4516239999999999
vt 0.90625 0.4516239999999999
vt 0.84375 0.88
vt 0.89716875 0.88
vt 0.89716875 0.8116239999999999
vt 0.84375 0.8116239999999999
vn -0.7745476983615948 0.6087614290087207 -0.17171309068913912
vn 0.21643961393810263 0 -0.9762960071199335
vn 0.7745476983615948 -0.6087614290087207 0.17171309068913912
vn -0.21643961393810263 0 0.9762960071199335
vn 0.5943313524298388 0.7933533402912353 0.13176008867505518
vn -0.5943313524298388 -0.7933533402912353 -0.13176008867505518
usemtl m_935758ac-b5ac-80ec-13c9-216875bf7d18
f 12/28/7 15/27/7 13/26/7 10/25/7
f 11/32/8 12/31/8 10/30/8 9/29/8
f 16/36/9 11/35/9 9/34/9 14/33/9
f 15/40/10 16/39/10 14/38/10 13/37/10
f 14/44/11 9/43/11 10/42/11 13/41/11
f 15/48/12 12/47/12 11/46/12 16/45/12
o cube
v 1.168392327266811 1.9784275790474388 0.5772575197600305
v 1.0726123594383377 2.0953451121784727 0.5560236121043456
v 0.9320790069945515 1.7753227640767344 0.5248681179442392
v 0.8362990391660783 1.8922402972077688 0.503634210288554
v 1.0395782633610346 2.0953451121784727 0.7050307901910255
v 1.135358231189508 1.9784275790474388 0.7262646978467107
v 0.8032649430887753 1.8922402972077688 0.652641388375234
v 0.8990449109172487 1.7753227640767344 0.6738752960309191
vt 0.6875 0.81116
vt 0.6875 0.86
vt 0.76649375 0.86
vt 0.76649375 0.81116
vt 0.765625 0.67116
vt 0.765625 0.72
vt 0.84461875 0.72
vt 0.84461875 0.67116
vt 0.703125 0.6799999999999999
vt 0.74128125 0.6799999999999999
vt 0.74128125 0.578888
vt 0.703125 0.578888
vt 0.92100625 0.6111599999999999
vt 0.92100625 0.6599999999999999
vt 1 0.6599999999999999
vt 1 0.6111599999999999
vt 0.921875 0.8200000000000001
vt 0.96003125 0.8200000000000001
vt 0.96003125 0.77116
vt 0.921875 0.77116
vt 0.859375 0.78
vt 0.89753125 0.78
vt 0.89753125 0.73116
vt 0.859375 0.73116
vn -0.6275509767631346 0.7660444431189782 -0.1391247020847504
vn 0.21643961393810268 0 -0.9762960071199336
vn 0.6275509767631346 -0.7660444431189782 0.1391247020847504
vn -0.21643961393810268 0 0.9762960071199336
vn 0.7478861310934712 0.6427876096865394 0.16580236352810043
vn -0.7478861310934712 -0.6427876096865394 -0.16580236352810043
usemtl m_935758ac-b5ac-80ec-13c9-216875bf7d18
f 20/52/13 23/51/13 21/50/13 18/49/13
f 19/56/14 20/55/14 18/54/14 17/53/14
f 24/60/15 19/59/15 17/58/15 22/57/15
f 23/64/16 24/63/16 22/62/16 21/61/16
f 22/68/17 17/67/17 18/66/17 21/65/17
f 23/72/18 20/71/18 19/70/18 24/69/18
o cube
v 0.7648189004352033 1.1459218609764281 0.38469371193118707
v 0.4102611379827611 1.193733605186633 0.30609014839685733
v 0.6907266333821684 0.5694710324521606 0.36826785178241395
v 0.33616887092972625 0.6172827766623654 0.2896642882480842
v 0.3375861266126947 1.193733605186633 0.6339059401875531
v 0.6921438890651368 1.1459218609764281 0.7125095037218827
v 0.26349385955965987 0.6172827766623654 0.6174800800387799
v 0.6180516220121022 0.5694710324521606 0.6960836435731097
vt 0.56723125 0.552552
vt 0.56723125 0.6599999999999999
vt 0.421875 0.6599999999999999
vt 0.421875 0.552552
vt 0.45785624999999996 0.662784
vt 0.45785624999999996 0.78
vt 0.3125 0.78
vt 0.3125 0.662784
vt 0.50473125 0.872552
vt 0.50473125 0.98
vt 0.359375 0.98
vt 0.359375 0.872552
vt 0.62973125 0.742784
vt 0.62973125 0.86
vt 0.484375 0.86
vt 0.484375 0.742784
vt 0.890625 0.43255200000000005
vt 0.890625 0.54
vt 0.9822 0.54
vt 0.9822 0.43255200000000005
vt 0.671875 0.76
vt 0.75581875 0.76
vt 0.75581875 0.642784
vt 0.671875 0.642784
vn -0.967943659438827 0.1305261922200516 -0.21458794303666323
vn 0.21643961393810265 -3.469446951953614e-18 -0.9762960071199334
vn 0.967943659438827 -0.1305261922200516 0.21458794303666323
vn -0.21643961393810265 3.469446951953614e-18 0.9762960071199334
vn 0.1274322002890053 0.9914448613738105 0.02825103865291854
vn -0.1274322002890053 -0.9914448613738105 -0.02825103865291854
usemtl m_935758ac-b5ac-80ec-13c9-216875bf7d18
f 28/76/19 31/75/19 29/74/19 26/73/19
f 27/80/20 28/79/20 26/78/20 25/77/20
f 32/84/21 27/83/21 25/82/21 30/81/21
f 31/88/22 32/87/22 30/86/22 29/85/22
f 30/92/23 25/91/23 26/90/23 29/89/23
f 31/96/24 28/95/24 27/94/24 32/93/24
o cube
v 0.7397371648766686 0.639575 0.3160432033685705
v 0.3160432033685705 0.639575 0.2602628351233315
v 0.7397371648766686 0 0.3160432033685705
v 0.3160432033685705 0 0.2602628351233315
v 0.2602628351233315 0.639575 0.6839567966314295
v 0.6839567966314295 0.639575 0.7397371648766686
v 0.2602628351233315 0 0.6839567966314295
v 0.6839567966314295 0 0.7397371648766686
vt 0.33176875 0.84
vt 0.33176875 0.703248
vt 0.171875 0.703248
vt 0.171875 0.84
vt 0.36301875 0.623248
vt 0.36301875 0.76
vt 0.203125 0.76
vt 0.203125 0.623248
vt 0.46875 0.98
vt 0.46875 0.843248
vt 0.30885625000000005 0.843248
vt 0.30885625000000005 0.98
vt 0.26926875 0.72
vt 0.26926875 0.583248
vt 0.109375 0.583248
vt 0.109375 0.72
vt 0.875 0.56
vt 0.9818375 0.56
vt 0.9818375 0.42324799999999996
vt 0.875 0.42324799999999996
vt 0 0.92
vt 0.1068375 0.92
vt 0.1068375 0.7832479999999999
vt 0 0.7832479999999999
vn -0.9914448613738105 0 -0.13052619222005135
vn 0.13052619222005135 0 -0.9914448613738105
vn 0.9914448613738105 0 0.13052619222005135
vn -0.13052619222005135 0 0.9914448613738105
vn 0 1 0
vn 0 -1 0
usemtl m_935758ac-b5ac-80ec-13c9-216875bf7d18
f 36/100/25 39/99/25 37/98/25 34/97/25
f 35/104/26 36/103/26 34/102/26 33/101/26
f 40/108/27 35/107/27 33/106/27 38/105/27
f 39/112/28 40/111/28 38/110/28 37/109/28
f 38/116/29 33/115/29 34/114/29 37/113/29
f 39/120/30 36/119/30 35/118/30 40/117/30