# Made in Blockbench 4.8.3
mtllib horn_s_r.mtl

o cube
v 0.7788131960290312 1.4981443032556276 0.7373476670170263
v 0.6463646824108005 1.602545952005788 0.4829164396125081
v 0.7019104842052655 1.0405609815639294 0.5896189320879581
v 0.5694619705870347 1.1449626303140896 0.33518770468344017
v 0.40268063126591347 1.602545952005788 0.6097703273835029
v 0.535129144884144 1.4981443032556276 0.8642015547880209
v 0.32577791944214773 1.1449626303140896 0.4620415924544349
v 0.45822643306037836 1.0405609815639294 0.716472819858953
vt 0.5592375 0.7320880000000001
vt 0.5592375 0.8200000000000001
vt 0.4375 0.8200000000000001
vt 0.4375 0.7320880000000001
vt 0.5 0.60232
vt 0.5 0.7
vt 0.6217375 0.7
vt 0.6217375 0.60232
vt 0.7467375 0.64
vt 0.7467375 0.5520879999999999
vt 0.625 0.5520879999999999
vt 0.625 0.64
vt 0.5279875 0.54
vt 0.5279875 0.44232000000000005
vt 0.40625 0.44232000000000005
vt 0.40625 0.54
vt 0.9080625 0.45208799999999993
vt 0.9080625 0.54
vt 0.984375 0.54
vt 0.984375 0.45208799999999993
vt 0.78125 0.912088
vt 0.78125 1
vt 0.8575625 1
vt 0.8575625 0.912088
vn -0.43390176451508783 0.3420201433256687 -0.8335175344947353
vn 0.8870108331782218 2.7755575615628914e-17 -0.4617486132350341
vn 0.43390176451508783 -0.3420201433256687 0.8335175344947353
vn -0.8870108331782218 -2.7755575615628914e-17 0.4617486132350341
vn 0.15792732687907504 0.9396926207859085 0.30337557229503614
vn -0.15792732687907504 -0.9396926207859085 -0.30337557229503614
usemtl m_935758ac-b5ac-80ec-13c9-216875bf7d18
f 4/4/1 7/3/1 5/2/1 2/1/1
f 3/8/2 4/7/2 2/6/2 1/5/2
f 8/12/3 3/11/3 1/10/3 6/9/3
f 7/16/4 8/15/4 6/14/4 5/13/4
f 6/20/5 1/19/5 2/18/5 5/17/5
f 7/24/6 4/23/6 3/22/6 8/21/6
o cube
v 0.8220485831238666 1.7893079238684213 0.8990162775771524
v 0.7437730621078293 1.9193850222118596 0.7486504007259884
v 0.7019227435764273 1.450268373894962 0.6682566868191149
v 0.6236472225603897 1.5803454722384007 0.5178908099679511
v 0.5542410223284726 1.9193850222118596 0.8473145356589844
v 0.6325165433445101 1.7893079238684213 0.9976804125101482
v 0.4341151827810332 1.5803454722384007 0.6165549449009471
v 0.5123907037970707 1.450268373894962 0.7669208217521108
vt 0.46875 0.731624
vt 0.46875 0.8
vt 0.5755874999999999 0.8
vt 0.5755874999999999 0.731624
vt 0.859375 0.5916239999999999
vt 0.859375 0.6599999999999999
vt 0.9662124999999999 0.6599999999999999
vt 0.9662124999999999 0.5916239999999999
vt 0.625 0.771624
vt 0.625 0.84
vt 0.7318374999999999 0.84
vt 0.7318374999999999 0.771624
vt 0.625 0.631624
vt 0.625 0.7
vt 0.7318374999999999 0.7
vt 0.7318374999999999 0.631624
vt 0.90625 0.52
vt 0.95966875 0.52
vt 0.95966875 0.4516239999999999
vt 0.90625 0.4516239999999999
vt 0.84375 0.88
vt 0.89716875 0.88
vt 0.89716875 0.8116239999999999
vt 0.84375 0.8116239999999999
vn -0.3663298046848598 0.6087614290087208 -0.7037130073764537
vn 0.8870108331782218 2.7755575615628914e-17 -0.461748613235034
vn 0.3663298046848598 -0.6087614290087208 0.7037130073764537
vn -0.8870108331782218 -2.7755575615628914e-17 0.461748613235034
vn 0.2810947456357543 0.7933533402912352 0.5399779823517902
vn -0.2810947456357543 -0.7933533402912352 -0.5399779823517902
usemtl m_935758ac-b5ac-80ec-13c9-216875bf7d18
f 12/28/7 15/27/7 13/26/7 10/25/7
f 11/32/8 12/31/8 10/30/8 9/29/8
f 16/36/9 11/35/9 9/34/9 14/33/9
f 15/40/10 16/39/10 14/38/10 13/37/10
f 14/44/11 9/43/11 10/42/11 13/41/11
f 15/48/12 12/47/12 11/46/12 16/45/12
o cube
v 0.8704516126753303 1.9784275790474388 1.0616784045829628
v 0.8251515530643514 2.0953451121784727 0.9746577997195438
v 0.7586849485397495 1.7753227640767344 0.8469766403873229
v 0.7133848889287706 1.8922402972077688 0.7599560355239037
v 0.6897715246505252 2.0953451121784727 1.045132181814541
v 0.7350715842615041 1.9784275790474388 1.13215278667796
v 0.5780048605149444 1.8922402972077688 0.830430417618901
v 0.6233049201259235 1.7753227640767344 0.9174510224823198
vt 0.6875 0.81116
vt 0.6875 0.86
vt 0.76649375 0.86
vt 0.76649375 0.81116
vt 0.765625 0.67116
vt 0.765625 0.72
vt 0.84461875 0.72
vt 0.84461875 0.67116
vt 0.703125 0.6799999999999999
vt 0.74128125 0.6799999999999999
vt 0.74128125 0.578888
vt 0.703125 0.578888
vt 0.92100625 0.6111599999999999
vt 0.92100625 0.6599999999999999
vt 1 0.6599999999999999
vt 1 0.6111599999999999
vt 0.921875 0.8200000000000001
vt 0.96003125 0.8200000000000001
vt 0.96003125 0.77116
vt 0.921875 0.77116
vt 0.859375 0.78
vt 0.89753125 0.78
vt 0.89753125 0.73116
vt 0.859375 0.73116
vn -0.29680628737742176 0.766044443118978 -0.5701595732246947
vn 0.8870108331782218 0 -0.461748613235034
vn 0.29680628737742176 -0.766044443118978 0.5701595732246947
vn -0.8870108331782218 0 0.461748613235034
vn 0.353719959286592 0.6427876096865394 0.6794897197425116
vn -0.353719959286592 -0.6427876096865394 -0.6794897197425116
usemtl m_935758ac-b5ac-80ec-13c9-216875bf7d18
f 20/52/13 23/51/13 21/50/13 18/49/13
f 19/56/14 20/55/14 18/54/14 17/53/14
f 24/60/15 19/59/15 17/58/15 22/57/15
f 23/64/16 24/63/16 22/62/16 21/61/16
f 22/68/17 17/67/17 18/66/17 21/65/17
f 23/72/18 20/71/18 19/70/18 24/69/18
o cube
v 0.7585520492423523 1.1459218609764281 0.6287455938216855
v 0.590860535674562 1.193733605186633 0.3066131934132177
v 0.7235093968974924 0.5694710324521606 0.5614292849855456
v 0.5558178833297021 0.6172827766623654 0.23929688457707776
v 0.2930244731641446 1.193733605186633 0.46165683402221125
v 0.4607159867319349 1.1459218609764281 0.7837892344306792
v 0.2579818208192848 0.6172827766623654 0.3943405251860712
v 0.425673334387075 0.5694710324521606 0.7164729255945392
vt 0.56723125 0.552552
vt 0.56723125 0.6599999999999999
vt 0.421875 0.6599999999999999
vt 0.421875 0.552552
vt 0.45785624999999996 0.662784
vt 0.45785624999999996 0.78
vt 0.3125 0.78
vt 0.3125 0.662784
vt 0.50473125 0.872552
vt 0.50473125 0.98
vt 0.359375 0.98
vt 0.359375 0.872552
vt 0.62973125 0.742784
vt 0.62973125 0.86
vt 0.484375 0.86
vt 0.484375 0.742784
vt 0.890625 0.43255200000000005
vt 0.890625 0.54
vt 0.9822 0.54
vt 0.9822 0.43255200000000005
vt 0.671875 0.76
vt 0.75581875 0.76
vt 0.75581875 0.642784
vt 0.671875 0.642784
vn -0.4577982898383575 0.1305261922200516 -0.8794223325374502
vn 0.8870108331782218 6.938893903907228e-18 -0.461748613235034
vn 0.4577982898383575 -0.1305261922200516 0.8794223325374502
vn -0.8870108331782218 -6.938893903907228e-18 0.461748613235034
vn 0.06027028824845829 0.9914448613738105 0.11577814651268865
vn -0.06027028824845829 -0.9914448613738105 -0.11577814651268865
usemtl m_935758ac-b5ac-80ec-13c9-216875bf7d18
f 28/76/19 31/75/19 29/74/19 26/73/19
f 27/80/20 28/79/20 26/78/20 25/77/20
f 32/84/21 27/83/21 25/82/21 30/81/21
f 31/88/22 32/87/22 30/86/22 29/85/22
f 30/92/23 25/91/23 26/90/23 29/89/23
f 31/96/24 28/95/24 27/94/24 32/93/24
o cube
v 0.7950191609975761 0.639575 0.5654041733705608
v 0.5654041733705608 0.639575 0.20498083900242392
v 0.7950191609975761 0 0.5654041733705608
v 0.5654041733705608 0 0.20498083900242392
v 0.20498083900242392 0.639575 0.4345958266294392
v 0.4345958266294392 0.639575 0.7950191609975761
v 0.20498083900242392 0 0.4345958266294392
v 0.4345958266294392 0 0.7950191609975761
vt 0.33176875 0.84
vt 0.33176875 0.703248
vt 0.171875 0.703248
vt 0.171875 0.84
vt 0.36301875 0.623248
vt 0.36301875 0.76
vt 0.203125 0.76
vt 0.203125 0.623248
vt 0.46875 0.98
vt 0.46875 0.843248
vt 0.30885625000000005 0.843248
vt 0.30885625000000005 0.98
vt 0.26926875 0.72
vt 0.26926875 0.583248
vt 0.109375 0.583248
vt 0.109375 0.72
vt 0.875 0.56
vt 0.9818375 0.56
vt 0.9818375 0.42324799999999996
vt 0.875 0.42324799999999996
vt 0 0.92
vt 0.1068375 0.92
vt 0.1068375 0.7832479999999999
vt 0 0.7832479999999999
vn -0.5372996083468239 0 -0.8433914458128857
vn 0.8433914458128857 0 -0.5372996083468239
vn 0.5372996083468239 0 0.8433914458128857
vn -0.8433914458128857 0 0.5372996083468239
vn 0 1 0
vn 0 -1 0
usemtl m_935758ac-b5ac-80ec-13c9-216875bf7d18
f 36/100/25 39/99/25 37/98/25 34/97/25
f 35/104/26 36/103/26 34/102/26 33/101/26
f 40/108/27 35/107/27 33/106/27 38/105/27
f 39/112/28 40/111/28 38/110/28 37/109/28
f 38/116/29 33/115/29 34/114/29 37/113/29
f 39/120/30 36/119/30 35/118/30 40/117/30