# Made in Blockbench 4.10.2
mtllib horn_s.mtl

o cube
v 0.6326066106061199 1.1449626303140896 0.379985230621794
v 0.35814308793204386 1.1449626303140896 0.391968566815736
v 0.3654077533372829 1.602545952005788 0.5583567600451291
v 0.639871276011359 1.602545952005788 0.5463734238511873
v 0.6451184468215021 1.0405609815639294 0.6665533938792774
v 0.652383112226741 1.4981443032556276 0.8329415871086705
v 0.37065492414742596 1.0405609815639294 0.6785367300732192
v 0.377919589552665 1.4981443032556276 0.8449249233026124
vt 0.16097187500000007 0.832846875
vt 0.16097187500000007 0.764165625
vt 0.28270937500000004 0.764165625
vt 0.28270937500000004 0.832846875
vt 0.21166283490711904 0.8210367676326388
vt 0.21166283490711904 0.744725271363134
vt 0.3333995952275569 0.7447248703673807
vt 0.33340012963262045 0.8210378349071188
vt 0.16097187500000085 0.7703468750000002
vt 0.16097187500000085 0.7016656250000002
vt 0.2827093750000008 0.7016656250000002
vt 0.2827093750000008 0.7703468750000002
vt 0.15624999999999944 0.796874599004247
vt 0.15624999999999944 0.7205631027347423
vt 0.2779872947255009 0.7205620354602623
vt 0.2779867603204374 0.7968750000000003
vt 0.26562500000000083 0.6893125
vt 0.3343062500000008 0.6893125
vt 0.3343062500000008 0.765625
vt 0.26562500000000083 0.765625
vt 0.3186812500000001 0.859375
vt 0.2500000000000001 0.859375
vt 0.2500000000000001 0.7830625
vt 0.3186812500000001 0.7830625
vn -0.04098881643040849 0.3420201433256685 -0.938798241629757
vn 0.9990482215818578 -3.647037548939705e-17 -0.04361938736533625
vn 0.040988816430408095 -0.34202014332566866 0.938798241629757
vn -0.9990482215818578 1.6338728219249891e-16 0.043619387365335924
vn 0.014918709118470016 0.9396926207859083 0.34169461593468164
vn -0.014918709118470114 -0.9396926207859085 -0.3416946159346809
usemtl m_5b281269-a4b3-7100-b047-f9c65c99eb15
f 1/1/1 2/2/1 3/3/1 4/4/1
f 5/5/2 1/6/2 4/7/2 6/8/2
f 7/9/3 5/10/3 6/11/3 8/12/3
f 2/13/4 7/14/4 8/15/4 3/16/4
f 8/17/5 6/18/5 4/19/5 3/20/5
f 2/21/6 1/22/6 5/23/6 7/24/6
o cube
v 0.6045014576421464 1.5803454722384007 0.5684701546578843
v 0.39102982889564275 1.5803454722384007 0.5777905272531725
v 0.40237759557564545 1.9193850222118596 0.8376971147902532
v 0.615849224322149 1.9193850222118596 0.828376742194965
v 0.611895806373377 1.450268373894962 0.7378285843813335
v 0.6232435730533799 1.7893079238684213 0.9977351719184142
v 0.39842417762687354 1.450268373894962 0.7471489569766216
v 0.40977194430687613 1.7893079238684213 1.0070555445137024
vt 0.1451656250000008 0.8170406249999996
vt 0.1451656250000008 0.7636218749999997
vt 0.2520031250000008 0.7636218749999997
vt 0.2520031250000008 0.8170406249999996
vt 0.22329074210281685 0.8014157421028173
vt 0.22329074210281685 0.7479975147439826
vt 0.33012843643971346 0.7479965635602877
vt 0.3301271968204863 0.8014157421028173
vt 0.19204062499999972 0.8014156249999996
vt 0.19204062499999972 0.7479968749999997
vt 0.2988781249999998 0.7479968749999997
vt 0.2988781249999998 0.8014156249999996
vt 0.17187500000000022 0.8437490488163051
vt 0.17187500000000022 0.7903308214574705
vt 0.27871145471766967 0.7903308214574705
vt 0.27871269433689694 0.84375
vt 0.2968749999999997 0.6965812499999997
vt 0.35029374999999974 0.6965812499999997
vt 0.35029374999999974 0.7499999999999997
vt 0.2968749999999997 0.7499999999999997
vt 0.3190437500000008 0.8437499999999997
vt 0.2656250000000008 0.8437499999999997
vt 0.2656250000000008 0.7903312499999997
vt 0.3190437500000008 0.7903312499999997
vn -0.0346055866677466 0.6087614290087207 -0.7925982437039849
vn 0.9990482215818578 -8.43007039037186e-17 -0.04361938736533557
vn 0.034605586667746636 -0.6087614290087202 0.7925982437039854
vn -0.9990482215818578 -2.327174361285751e-16 0.04361938736533598
vn 0.026553800585006827 0.7933533402912358 0.6081820230187921
vn -0.026553800585006896 -0.7933533402912348 -0.6081820230187933
usemtl m_5b281269-a4b3-7100-b047-f9c65c99eb15
f 9/25/7 10/26/7 11/27/7 12/28/7
f 13/29/8 9/30/8 12/31/8 14/32/8
f 15/33/9 13/34/9 14/35/9 16/36/9
f 10/37/10 15/38/10 16/39/10 11/40/10
f 16/41/11 14/42/11 12/43/11 11/44/11
f 10/45/12 9/46/12 13/47/12 15/48/12
o cube
v 0.5835302186099796 1.8922402972077688 0.825780530123299
v 0.4310504837910486 1.8922402972077688 0.8324379391199335
v 0.44160859545121245 2.0953451121784727 1.0742584532184845
v 0.5940883302701434 2.0953451121784727 1.06760104422185
v 0.5878095186256318 1.7753227640767344 0.9237926143931972
v 0.5983676302857956 1.9784275790474388 1.1656131284917481
v 0.43532978380670095 1.7753227640767344 0.9304500233898316
v 0.4458878954668648 1.9784275790474388 1.1722705374883824
vt 0.24520625000000024 0.7608312499999998
vt 0.24520625000000024 0.722675
vt 0.3242000000000002 0.722675
vt 0.3242000000000002 0.7608312499999998
vt 0.2656277667478163 0.7178811904127799
vt 0.30378317998214033 0.71788119041278
vt 0.30378161015348804 0.7968750000000004
vt 0.2656249999999999 0.7968739956142356
vt 0.2139562499999999 0.7920812499999998
vt 0.2139562499999999 0.753925
vt 0.2929499999999999 0.753925
vt 0.2929499999999999 0.7920812499999998
vt 0.2656250000000008 0.7812499999999999
vt 0.2656250000000008 0.7430945867656759
vt 0.34461780520145635 0.7430918200178595
vt 0.34461880958722124 0.7812484301713476
vt 0.2968749999999999 0.78996875
vt 0.3350312499999999 0.78996875
vt 0.3350312499999999 0.828125
vt 0.2968749999999999 0.828125
vt 0.3194062500000002 0.8125
vt 0.2812500000000002 0.8125
vt 0.2812500000000002 0.77434375
vt 0.3194062500000002 0.77434375
vn -0.028038001740555835 0.7660444431189785 -0.64217581831219
vn 0.9990482215818579 -2.2481841088139105e-16 -0.04361938736533572
vn 0.028038001740555887 -0.7660444431189778 0.6421758183121907
vn -0.9990482215818577 -3.102494070163194e-16 0.04361938736533621
vn 0.03341438930346904 0.64278760968654 0.765315338550679
vn -0.03341438930347018 -0.6427876096865386 -0.7653153385506803
usemtl m_5b281269-a4b3-7100-b047-f9c65c99eb15
f 17/49/13 18/50/13 19/51/13 20/52/13
f 21/53/14 17/54/14 20/55/14 22/56/14
f 23/57/15 21/58/15 22/59/15 24/60/15
f 18/61/16 23/62/16 24/63/16 19/64/16
f 24/65/17 22/66/17 20/67/17 19/68/17
f 18/69/18 17/70/18 21/71/18 23/72/18
o cube
v 0.6607660797880326 0.6172827766623654 0.287312393214335
v 0.32531066318638435 0.6172827766623654 0.3019586930069307
v 0.32862099045781934 1.193733605186633 0.3777776527204567
v 0.6640764070594676 1.193733605186633 0.36313135292786103
v 0.6766071692434972 0.5694710324521606 0.650132992134024
v 0.6799174965149324 1.1459218609764281 0.7259519518475499
v 0.34115175264184905 0.5694710324521606 0.6647792919266196
v 0.34446207991328404 1.1459218609764281 0.7405982516401457
vt 0.10991875000000068 0.8286687500000001
vt 0.10991875000000068 0.7447250000000001
vt 0.25527500000000064 0.7447250000000001
vt 0.25527500000000064 0.8286687500000001
vt 0.082484757752319 0.8324845882452001
vt 0.082484757752319 0.7409104937361293
vt 0.22784068193624157 0.7409091141113423
vt 0.22784088588865758 0.8324847577523191
vt 0.09429375000000068 0.7974187499999998
vt 0.09429375000000068 0.7134749999999999
vt 0.23965000000000064 0.7134749999999999
vt 0.23965000000000064 0.7974187499999998
vt 0.09375000000000089 0.812498620375212
vt 0.09375000000000094 0.7209245258661412
vt 0.2391061281363395 0.7209243563590222
vt 0.23910592418392349 0.8124999999999991
vt 0.26562500000000067 0.6896750000000003
vt 0.34956875000000065 0.6896750000000003
vt 0.34956875000000065 0.7812500000000002
vt 0.26562500000000067 0.7812500000000002
vt 0.30269375000000065 0.8281250000000002
vt 0.21875000000000067 0.8281250000000002
vt 0.21875000000000067 0.7365500000000003
vt 0.30269375000000065 0.7365500000000003
vn -0.04324621745963606 0.13052619222005157 -0.9905012255519768
vn 0.9990482215818578 4.4798381629085115e-17 -0.043619387365335695
vn 0.043246217459635757 -0.1305261922200514 0.9905012255519768
vn -0.9990482215818578 -9.366934340626891e-17 0.043619387365336014
vn 0.005693472539768771 0.9914448613738105 0.1304019602072942
vn -0.005693472539768729 -0.9914448613738104 -0.13040196020729417
usemtl m_5b281269-a4b3-7100-b047-f9c65c99eb15
f 25/73/19 26/74/19 27/75/19 28/76/19
f 29/77/20 25/78/20 28/79/20 30/80/20
f 31/81/21 29/82/21 30/83/21 32/84/21
f 26/85/22 31/86/22 32/87/22 27/88/22
f 32/89/23 30/90/23 28/91/23 27/92/23
f 26/93/24 25/94/24 29/95/24 31/96/24
o cube
v 0.6839567966314295 0 0.2602628351233315
v 0.2602628351233315 0 0.3160432033685705
v 0.2602628351233315 0.639575 0.3160432033685705
v 0.6839567966314295 0.639575 0.2602628351233315
v 0.7397371648766686 0 0.6839567966314295
v 0.7397371648766686 0.639575 0.6839567966314295
v 0.3160432033685705 0 0.7397371648766686
v 0.3160432033685705 0.639575 0.7397371648766686
vt 0.051596875000000236 0.8328468749999999
vt 0.051596875000000236 0.7260093749999998
vt 0.21149062500000024 0.7260093749999998
vt 0.21149062500000024 0.8328468749999999
vt 0.06722187499999951 0.832846875
vt 0.06722187499999951 0.7260093750000001
vt 0.22711562499999952 0.7260093750000001
vt 0.22711562499999952 0.832846875
vt 0.05159687500000004 0.7859718749999998
vt 0.05159687500000004 0.6791343749999998
vt 0.21149062500000004 0.6791343749999998
vt 0.21149062500000004 0.7859718749999998
vt 0.051596875000000014 0.832846875
vt 0.051596875000000014 0.7260093750000001
vt 0.21149062500000002 0.7260093750000001
vt 0.21149062500000002 0.832846875
vt 0.2499999999999991 0.6744125236513927
vt 0.3568374763486057 0.6744125236513927
vt 0.35683747634860574 0.7812499999999992
vt 0.24999999999999922 0.7812499999999993
vt 0.078125 0.859375
vt 0.07812500000000006 0.7525375236513934
vt 0.1849624763486066 0.7525375236513935
vt 0.18496247634860655 0.859375
vn -0.1305261922200515 0 -0.9914448613738104
vn 0.9914448613738104 0 -0.13052619222005174
vn 0.1305261922200517 0 0.9914448613738104
vn -0.9914448613738106 0 0.1305261922200515
vn 0 1 0
vn 0 -1 0
usemtl m_5b281269-a4b3-7100-b047-f9c65c99eb15
f 33/97/25 34/98/25 35/99/25 36/100/25
f 37/101/26 33/102/26 36/103/26 38/104/26
f 39/105/27 37/106/27 38/107/27 40/108/27
f 34/109/28 39/110/28 40/111/28 35/112/28
f 40/113/29 38/114/29 36/115/29 35/116/29
f 34/117/30 33/118/30 37/119/30 39/120/30