# Made in Blockbench 4.10.2
mtllib horn_s_2.mtl

o cube
v 0.6656569220779323 1.1449626303140896 0.4325771387954136
v 0.40364703278362546 1.1449626303140896 0.34996573802660214
v 0.3535654715613912 1.602545952005788 0.5088041572932758
v 0.615575360855698 1.602545952005788 0.5914155580620872
v 0.5794021179721107 1.0405609815639294 0.7061424271762946
v 0.5293205567498762 1.4981443032556276 0.864980846442968
v 0.3173922286778039 1.0405609815639294 0.6235310264074831
v 0.26731066745556953 1.4981443032556276 0.7823694456741566
vt 0.16097187499999951 0.848471875
vt 0.16097187499999951 0.779790625
vt 0.2827093749999995 0.779790625
vt 0.2827093749999995 0.848471875
vt 0.16478806066500637 0.8210376091615601
vt 0.16478806066500637 0.7447246446199509
vt 0.28652535538004875 0.7447265643973717
vt 0.28652482098526755 0.8210380606650053
vt 0.20784687499999957 0.8015968750000002
vt 0.20784687499999957 0.7329156250000002
vt 0.3295843749999996 0.7329156250000003
vt 0.3295843749999996 0.8015968750000002
vt 0.1562499999999999 0.7968749999999996
vt 0.1562499999999999 0.7205620354583904
vt 0.27798676032026104 0.7205615839549453
vt 0.27798729471504235 0.7968730802225787
vt 0.2812499999999996 0.7049374999999993
vt 0.3499312499999996 0.7049374999999993
vt 0.3499312499999996 0.7812499999999993
vt 0.2812499999999996 0.7812499999999993
vt 0.3343062499999995 0.8749999999999993
vt 0.26562499999999956 0.8749999999999993
vt 0.26562499999999956 0.7986874999999993
vt 0.3343062499999995 0.7986874999999993
vn 0.2825710208216922 0.34202014332566877 -0.8962007809365464
vn 0.9537169507482272 -9.336416125285642e-17 0.3007057995042728
vn -0.2825710208216923 -0.3420201433256687 0.8962007809365465
vn -0.9537169507482272 -2.3341040313214117e-16 -0.3007057995042729
vn -0.10284744064531139 0.9396926207859085 0.32619040818702855
vn 0.1028474406453111 -0.9396926207859088 -0.32619040818702777
usemtl m_6bfa373a-d7d1-e630-4c9b-6669a5f745d0
f 1/1/1 2/2/1 3/3/1 4/4/1
f 5/5/2 1/6/2 4/7/2 6/8/2
f 7/9/3 5/10/3 6/11/3 8/12/3
f 2/13/4 7/14/4 8/15/4 3/16/4
f 8/17/5 6/18/5 4/19/5 3/20/5
f 2/21/6 1/22/6 5/23/6 7/24/6
o cube
v 0.5747810764980756 1.5803454722384007 0.6000825025965919
v 0.37099560704694823 1.5803454722384007 0.5358291908875163
v 0.2927657313378291 1.9193850222118596 0.7839426580760789
v 0.49655120078895654 1.9193850222118596 0.8481959697851544
v 0.5238054970289068 1.450268373894962 0.7617563854884613
v 0.44557562131978756 1.7893079238684213 1.0098698526770238
v 0.32002002757777925 1.450268373894962 0.6975030737793859
v 0.24179015186866004 1.7893079238684213 0.9456165409679482
vt 0.23891562500000024 0.8482906249999999
vt 0.23891562500000024 0.7948718749999999
vt 0.34575312500000027 0.7948718749999999
vt 0.34575312500000027 0.8482906249999999
vt 0.2701654107287346 0.8170391711095086
vt 0.27016541072873457 0.763620943750674
vt 0.3770040562493262 0.7636212321862063
vt 0.37700281663009894 0.8170404107287359
vt 0.20766562500000024 0.8482906249999997
vt 0.20766562500000024 0.7948718749999998
vt 0.31450312500000027 0.7948718749999998
vt 0.31450312500000027 0.8482906249999997
vt 0.203124999999999 0.8124999999999996
vt 0.203124999999999 0.7590817726411648
vt 0.30996240590136326 0.7590805330219376
vt 0.3099636455205906 0.8124997115644671
vt 0.2968750000000003 0.7122062500000004
vt 0.3502937500000003 0.7122062500000004
vt 0.3502937500000003 0.7656250000000003
vt 0.2968750000000003 0.7656250000000003
vt 0.33466875000000024 0.8593750000000003
vt 0.2812500000000002 0.8593750000000003
vt 0.2812500000000002 0.8059562500000004
vt 0.33466875000000024 0.8059562500000004
vn 0.23856595048166143 0.6087614290087212 -0.756634528568477
vn 0.9537169507482273 2.8496012587172505e-16 0.3007057995042725
vn -0.2385659504816606 -0.6087614290087205 0.7566345285684775
vn -0.9537169507482272 -4.939308848443228e-16 -0.30070579950427295
vn -0.18305809221743097 0.7933533402912354 0.5805860938073301
vn 0.1830580922174315 -0.7933533402912344 -0.5805860938073315
usemtl m_6bfa373a-d7d1-e630-4c9b-6669a5f745d0
f 9/25/7 10/26/7 11/27/7 12/28/7
f 13/29/8 9/30/8 12/31/8 14/32/8
f 15/33/9 13/34/9 14/35/9 16/36/9
f 10/37/10 15/38/10 16/39/10 11/40/10
f 16/41/11 14/42/11 12/43/11 11/44/11
f 10/45/12 9/46/12 13/47/12 15/48/12
o cube
v 0.4670692264349485 1.8922402972077688 0.8347025774935952
v 0.3215081768270004 1.8922402972077688 0.7888073548442556
v 0.2487220695524167 2.0953451121784727 1.0196553943605762
v 0.39428311916036485 2.0953451121784727 1.0655506170099158
v 0.437568345972148 1.7753227640767344 0.9282674166345521
v 0.3647822386975643 1.9784275790474388 1.1591154561508725
v 0.29200729636419975 1.7753227640767344 0.8823721939852125
v 0.2192211890896162 1.9784275790474388 1.1132202335015329
vt 0.29687499999999967 0.7178812499999991
vt 0.33503124999999967 0.7178812499999991
vt 0.33503124999999967 0.7968749999999991
vt 0.29687499999999967 0.7968749999999991
vt 0.26083218519746054 0.823329418449644
vt 0.2608321851974606 0.78517400521532
vt 0.3398259947846811 0.7851755750439723
vt 0.3398249903989162 0.8233321851974604
vt 0.24520625000000043 0.8077062499999991
vt 0.24520625000000043 0.7695499999999991
vt 0.3242000000000005 0.7695499999999991
vt 0.3242000000000005 0.8077062499999991
vt 0.265624999999999 0.7968750000000007
vt 0.265624999999999 0.7587195867656766
vt 0.3446178052014546 0.7587168200178602
vt 0.34461880958721947 0.7968734301713483
vt 0.31250000000000044 0.7274687500000007
vt 0.35065625000000045 0.7274687500000007
vt 0.35065625000000045 0.7656250000000007
vt 0.31250000000000044 0.7656250000000007
vt 0.33503124999999967 0.8281250000000007
vt 0.29687499999999967 0.8281250000000007
vt 0.29687499999999967 0.7899687500000007
vt 0.33503124999999967 0.7899687500000007
vn 0.19328996208223123 0.7660444431189783 -0.6130374390889876
vn 0.953716950748227 6.115060775973836e-16 0.30070579950427284
vn -0.19328996208223143 -0.7660444431189773 0.6130374390889886
vn -0.9537169507482269 0 -0.3007057995042732
vn -0.2303540067238978 0.6427876096865395 0.7305895704290553
vn 0.23035400672389794 -0.6427876096865388 -0.7305895704290558
usemtl m_6bfa373a-d7d1-e630-4c9b-6669a5f745d0
f 17/49/13 18/50/13 19/51/13 20/52/13
f 21/53/14 17/54/14 20/55/14 22/56/14
f 23/57/15 21/58/15 22/59/15 24/60/15
f 18/61/16 23/62/16 24/63/16 19/64/16
f 24/65/17 22/66/17 20/67/17 19/68/17
f 18/69/18 17/70/18 21/71/18 23/72/18
o cube
v 0.7238141446059194 0.6172827766623654 0.3551242630219045
v 0.40357983546843346 0.6172827766623654 0.2541547731933572
v 0.38075891410976404 1.193733605186633 0.3265334887596527
v 0.70099322324725 1.193733605186633 0.4275029785882001
v 0.614607946228412 0.5694710324521606 0.7014820741818526
v 0.5917870248697428 1.1459218609764281 0.7738607897481482
v 0.29437363709092623 0.5694710324521606 0.6005125843533055
v 0.2715527157322567 1.1459218609764281 0.6728912999196011
vt 0.10991875000000012 0.7708562499999991
vt 0.10991875000000012 0.6869124999999991
vt 0.2552750000000001 0.6869124999999991
vt 0.2552750000000001 0.7708562499999991
vt 0.12935975775280179 0.8481097577528017
vt 0.12935975775280173 0.7565341141115978
vt 0.27471588588840223 0.7565346073481749
vt 0.2747156819394366 0.8481087018570187
vt 0.2708999999999994 0.7603499999999992
vt 0.2708999999999994 0.8442937499999992
vt 0.12554374999999945 0.8442937499999992
vt 0.12554374999999945 0.7603499999999992
vt 0.1093749999999992 0.8593750000000007
vt 0.10937499999999917 0.7677993563587967
vt 0.25473092418663396 0.7678004122545796
vt 0.2547311281355997 0.8593745067634233
vt 0.26562499999999944 0.6896750000000004
vt 0.34956874999999943 0.6896750000000004
vt 0.34956874999999943 0.7812500000000003
vt 0.26562499999999944 0.7812500000000003
vt 0.3026937500000001 0.8437500000000003
vt 0.21875000000000008 0.8437500000000003
vt 0.21875000000000008 0.7521750000000004
vt 0.3026937500000001 0.7521750000000004
vn 0.2981332197038147 0.1305261922200515 -0.9455577700244291
vn 0.9537169507482268 -6.516128236957836e-17 0.3007057995042735
vn -0.2981332197038146 -0.13052619222005157 0.9455577700244293
vn -0.953716950748227 -1.9548384710873507e-16 -0.3007057995042728
vn -0.03924998298777896 0.9914448613738105 0.12448504203688453
vn 0.039249982987779 -0.9914448613738105 -0.12448504203688449
usemtl m_6bfa373a-d7d1-e630-4c9b-6669a5f745d0
f 25/73/19 26/74/19 27/75/19 28/76/19
f 29/77/20 25/78/20 28/79/20 30/80/20
f 31/81/21 29/82/21 30/83/21 32/84/21
f 26/85/22 31/86/22 32/87/22 27/88/22
f 32/89/23 30/90/23 28/91/23 27/92/23
f 26/93/24 25/94/24 29/95/24 31/96/24
o cube
v 0.754857783829576 0 0.3376376851868723
v 0.3376376851868723 0 0.24514221617042398
v 0.3376376851868723 0.639575 0.24514221617042398
v 0.754857783829576 0.639575 0.3376376851868723
v 0.6623623148131277 0 0.754857783829576
v 0.6623623148131277 0.639575 0.754857783829576
v 0.24514221617042398 0 0.6623623148131277
v 0.24514221617042398 0.639575 0.6623623148131277
vt 0.0828468749999996 0.8484718749999998
vt 0.0828468749999996 0.7416343749999998
vt 0.2427406249999996 0.7416343749999998
vt 0.2427406249999996 0.8484718749999998
vt 0.09847187500000013 0.8484718749999998
vt 0.09847187500000013 0.7416343749999998
vt 0.25836562500000015 0.7416343749999998
vt 0.25836562500000015 0.8484718749999998
vt 0.11409687499999965 0.8484718749999998
vt 0.11409687499999965 0.7416343749999998
vt 0.27399062499999965 0.7416343749999998
vt 0.27399062499999965 0.8484718749999998
vt 0.06722187500000001 0.8328468749999999
vt 0.06722187500000001 0.7260093749999998
vt 0.22711562500000002 0.7260093749999998
vt 0.22711562500000002 0.8328468749999999
vt 0.23437499999999936 0.7968750000000008
vt 0.23437499999999936 0.6900379221838743
vt 0.34121207781612584 0.6900379221838743
vt 0.34121207781612584 0.7968750000000008
vt 0.09375000000000001 0.7681629221838735
vt 0.2005870778161265 0.7681629221838735
vt 0.2005870778161265 0.875
vt 0.09375 0.875
vn 0.216439613938103 0 -0.9762960071199335
vn 0.9762960071199335 0 0.216439613938103
vn -0.216439613938103 0 0.9762960071199335
vn -0.9762960071199335 0 -0.216439613938103
vn 0 1 0
vn 0 -1 0
usemtl m_6bfa373a-d7d1-e630-4c9b-6669a5f745d0
f 33/97/25 34/98/25 35/99/25 36/100/25
f 37/101/26 33/102/26 36/103/26 38/104/26
f 39/105/27 37/106/27 38/107/27 40/108/27
f 34/109/28 39/110/28 40/111/28 35/112/28
f 40/113/29 38/114/29 36/115/29 35/116/29
f 34/117/30 33/118/30 37/119/30 39/120/30