# Made in Blockbench 4.10.2
mtllib horn_s_r.mtl

o cube
v 0.5089037763198823 1.1449626303140896 0.32136970914037954
v 0.32330225653267 1.1449626303140896 0.523918225495541
v 0.44609337044564723 1.602545952005788 0.6364355510663267
v 0.6316948902328596 1.602545952005788 0.4338870347111653
v 0.7203852720644144 1.0405609815639294 0.5151567964189274
v 0.8431763859773918 1.4981443032556276 0.6276741219897133
v 0.5347837522772021 1.0405609815639294 0.7177053127740889
v 0.6575748661901795 1.4981443032556276 0.8302226383448748
vt 0.17659687499999918 0.864096875
vt 0.17659687499999918 0.795415625
vt 0.29833437499999915 0.795415625
vt 0.29833437499999915 0.864096875
vt 0.1491628349071182 0.8366617676326383
vt 0.1491628349071182 0.7603502713631336
vt 0.27089959522755613 0.7603498703673803
vt 0.27090012963261956 0.8366628349071183
vt 0.17659687499999993 0.8015968749999997
vt 0.17659687499999993 0.7329156249999997
vt 0.29833437499999993 0.7329156249999997
vt 0.29833437499999993 0.8015968749999997
vt 0.1406250000000009 0.8124995990042462
vt 0.14062500000000083 0.7361881027347414
vt 0.26236229472550227 0.7361870354602615
vt 0.2623617603204388 0.8124999999999996
vt 0.29687499999999994 0.7205625000000002
vt 0.36555624999999997 0.7205625000000002
vt 0.36555624999999997 0.7968750000000002
vt 0.29687499999999994 0.7968750000000002
vt 0.3343062499999992 0.890625
vt 0.26562499999999917 0.890625
vt 0.26562499999999917 0.8143125
vt 0.3343062499999992 0.8143125
vn -0.6928140728731607 0.34202014332566844 -0.6348471327716556
vn 0.6755902076156604 2.334104031321412e-17 -0.737277336810124
vn 0.6928140728731605 -0.342020143325669 0.6348471327716555
vn -0.6755902076156605 -1.867283225057131e-16 0.737277336810124
vn 0.25216370040656616 0.9396926207859084 0.23106545963812647
vn -0.25216370040656577 -0.9396926207859085 -0.2310654596381261
usemtl m_6e3b917d-13a3-2ff1-f715-8e763d07b558
f 1/1/1 2/2/1 3/3/1 4/4/1
f 5/5/2 1/6/2 4/7/2 6/8/2
f 7/9/3 5/10/3 6/11/3 8/12/3
f 2/13/4 7/14/4 8/15/4 3/16/4
f 8/17/5 6/18/5 4/19/5 3/20/5
f 2/21/6 1/22/6 5/23/6 7/24/6
o cube
v 0.6223094000101219 1.5803454722384007 0.47452202132484134
v 0.47795266239784584 1.5803454722384007 0.6320597562677448
v 0.6697584556911234 1.9193850222118596 0.8078173840195169
v 0.8141151933033997 1.9193850222118596 0.6502796490766136
v 0.7472924882489895 1.450268373894962 0.5890479213030861
v 0.9390982815422673 1.7893079238684213 0.7648055490548584
v 0.6029357506367132 1.450268373894962 0.7465856562459894
v 0.794741543929991 1.7893079238684213 0.9223432839977617
vt 0.2701656249999999 0.7857906249999993
vt 0.2701656249999999 0.7323718749999993
vt 0.37700312499999994 0.7323718749999993
vt 0.37700312499999994 0.7857906249999993
vt 0.2545407421028172 0.8170407421028167
vt 0.2545407421028172 0.763622514743982
vt 0.3613784364397139 0.7636215635602872
vt 0.36137719682048663 0.8170407421028167
vt 0.20766562500000058 0.8326656249999993
vt 0.20766562500000058 0.7792468749999992
vt 0.3145031250000006 0.7792468749999992
vt 0.3145031250000006 0.8326656249999993
vt 0.1875000000000015 0.8593740488163055
vt 0.1875000000000015 0.8059558214574708
vt 0.2943364547176709 0.8059558214574708
vt 0.29433769433689816 0.8593750000000003
vt 0.3125000000000006 0.7278312499999998
vt 0.3659187500000006 0.7278312499999998
vt 0.3659187500000006 0.7812499999999998
vt 0.3125000000000006 0.7812499999999998
vt 0.3346687499999999 0.8749999999999998
vt 0.2812499999999999 0.8749999999999998
vt 0.2812499999999999 0.8215812499999998
vt 0.3346687499999999 0.8215812499999998
vn -0.5849214378793385 0.6087614290087207 -0.5359817478799325
vn 0.6755902076156604 -2.4696544242216155e-16 -0.7372773368101241
vn 0.5849214378793378 -0.6087614290087207 0.5359817478799334
vn -0.6755902076156602 1.5197873379825328e-16 0.7372773368101242
vn 0.4488260051322744 0.7933533402912356 0.4112732602124074
vn -0.448826005132276 -0.7933533402912348 -0.4112732602124077
usemtl m_6e3b917d-13a3-2ff1-f715-8e763d07b558
f 9/25/7 10/26/7 11/27/7 12/28/7
f 13/29/8 9/30/8 12/31/8 14/32/8
f 15/33/9 13/34/9 14/35/9 16/36/9
f 10/37/10 15/38/10 16/39/10 11/40/10
f 16/41/11 14/42/11 12/43/11 11/44/11
f 10/45/12 9/46/12 13/47/12 15/48/12
o cube
v 0.7894264060418443 1.8922402972077688 0.6712968380156217
v 0.6863144506045042 1.8922402972077688 0.7838237915462669
v 0.8647730883050333 2.0953451121784727 0.9473510045439428
v 0.9678850437423736 2.0953451121784727 0.8348240510132974
v 0.8617573375271161 1.7753227640767344 0.7375759253812946
v 1.0402159752276452 1.9784275790474388 0.9011031383789705
v 0.7586453820897758 1.7753227640767344 0.8501028789119398
v 0.9371040197903051 1.9784275790474388 1.0136300919096155
vt 0.28124999999999933 0.7335062500000005
vt 0.31940624999999934 0.7335062500000005
vt 0.31940624999999934 0.8125000000000004
vt 0.28124999999999933 0.8125000000000004
vt 0.2812527667478163 0.7491311904127804
vt 0.31940817998214033 0.7491311904127804
vt 0.319406610153488 0.8281250000000009
vt 0.2812499999999999 0.828123995614236
vt 0.2500000000000008 0.7647562500000005
vt 0.2881562500000008 0.7647562500000005
vt 0.2881562500000008 0.8437500000000004
vt 0.2500000000000008 0.8437500000000004
vt 0.2656250000000012 0.8281249999999999
vt 0.26562500000000133 0.7899695867656759
vt 0.3446178052014568 0.7899668200178595
vt 0.3446188095872217 0.8281234301713476
vt 0.3125000000000008 0.7587187499999993
vt 0.3506562500000008 0.7587187499999993
vt 0.3506562500000008 0.7968749999999993
vt 0.3125000000000008 0.7968749999999993
vt 0.31940624999999934 0.8593749999999993
vt 0.28124999999999933 0.8593749999999993
vt 0.28124999999999933 0.8212187499999993
vt 0.31940624999999934 0.8212187499999993
vn -0.47391273700423714 0.7660444431189786 -0.4342610146809026
vn 0.6755902076156598 -3.417239845397144e-16 -0.7372773368101245
vn 0.47391273700423736 -0.7660444431189779 0.4342610146809037
vn -0.6755902076156602 1.0791283722306765e-15 0.7372773368101241
vn 0.564787206900954 0.64278760968654 0.5175321243695731
vn -0.5647872069009554 -0.6427876096865387 -0.5175321243695733
usemtl m_6e3b917d-13a3-2ff1-f715-8e763d07b558
f 17/49/13 18/50/13 19/51/13 20/52/13
f 21/53/14 17/54/14 20/55/14 22/56/14
f 23/57/15 21/58/15 22/59/15 24/60/15
f 18/61/16 23/62/16 24/63/16 19/64/16
f 24/65/17 22/66/17 20/67/17 19/68/17
f 18/69/18 17/70/18 21/71/18 23/72/18
o cube
v 0.4632859361704137 0.6172827766623654 0.23592836576462295
v 0.23643963420826541 0.6172827766623654 0.4834876635320423
v 0.2923924896257878 1.193733605186633 0.5347590092264078
v 0.5192387915879362 1.193733605186633 0.28719971145898837
v 0.7310401837960321 0.5694710324521606 0.4812799298395578
v 0.7869930392135545 1.1459218609764281 0.5325512755339232
v 0.5041938818338838 0.5694710324521606 0.7288392276069771
v 0.5601467372514062 1.1459218609764281 0.7801105733013425
vt 0.10991874999999979 0.8599187500000001
vt 0.10991874999999979 0.7759750000000001
vt 0.25527499999999975 0.7759750000000001
vt 0.25527499999999975 0.8599187500000001
vt 0.09810975775231834 0.8637345882452001
vt 0.09810975775231834 0.7721604937361293
vt 0.2434656819362409 0.7721591141113423
vt 0.24346588588865692 0.8637347577523191
vt 0.10991874999999979 0.8130437500000005
vt 0.10991874999999979 0.7291000000000005
vt 0.25527499999999975 0.7291000000000005
vt 0.25527499999999975 0.8130437500000005
vt 0.1562499999999991 0.8281236203752133
vt 0.15624999999999914 0.7365495258661423
vt 0.30160612813633775 0.7365493563590234
vt 0.30160592418392174 0.8281250000000002
vt 0.2812499999999998 0.7209249999999996
vt 0.36519374999999976 0.7209249999999996
vt 0.36519374999999976 0.8124999999999997
vt 0.2812499999999998 0.8124999999999997
vt 0.31831874999999976 0.8593749999999997
vt 0.23437499999999975 0.8593749999999997
vt 0.23437499999999975 0.7677999999999996
vt 0.31831874999999976 0.7677999999999996
vn -0.7309698269877656 0.13052619222005168 -0.6698104397350121
vn 0.6755902076156604 -1.3032256473915673e-16 -0.7372773368101241
vn 0.7309698269877655 -0.13052619222005155 0.6698104397350123
vn -0.6755902076156602 0 0.7372773368101242
vn 0.0962340033839659 0.9914448613738104 0.0881822173012262
vn -0.0962340033839659 -0.9914448613738104 -0.08818221730122616
usemtl m_6e3b917d-13a3-2ff1-f715-8e763d07b558
f 25/73/19 26/74/19 27/75/19 28/76/19
f 29/77/20 25/78/20 28/79/20 30/80/20
f 31/81/21 29/82/21 30/83/21 32/84/21
f 26/85/22 31/86/22 32/87/22 27/88/22
f 32/89/23 30/90/23 28/91/23 27/92/23
f 26/93/24 25/94/24 29/95/24 31/96/24
o cube
v 0.46055732335670874 0 0.20040312666983184
v 0.20040312666983184 0 0.5394426766432914
v 0.20040312666983184 0.639575 0.5394426766432914
v 0.46055732335670874 0.639575 0.20040312666983184
v 0.7995968733301682 0 0.46055732335670874
v 0.7995968733301682 0.639575 0.46055732335670874
v 0.5394426766432914 0 0.7995968733301682
v 0.5394426766432914 0.639575 0.7995968733301682
vt 0.06722187500000001 0.8640968749999999
vt 0.06722187500000001 0.7572593749999998
vt 0.22711562500000002 0.7572593749999998
vt 0.22711562500000002 0.8640968749999999
vt 0.06722187500000068 0.864096875
vt 0.06722187500000068 0.7572593750000001
vt 0.22711562500000068 0.7572593750000001
vt 0.22711562500000068 0.864096875
vt 0.06722187500000001 0.8172218749999999
vt 0.06722187500000001 0.7103843749999998
vt 0.22711562500000002 0.7103843749999998
vt 0.22711562500000002 0.8172218749999999
vt 0.06722187500000035 0.864096875
vt 0.06722187500000035 0.757259375
vt 0.22711562500000035 0.757259375
vt 0.22711562500000035 0.864096875
vt 0.2656250000000002 0.7056635452823301
vt 0.3724614547176696 0.7056635452823301
vt 0.37246145471766956 0.8124999999999996
vt 0.26562500000000017 0.8124999999999994
vt 0.09375000000000003 0.890625
vt 0.09375 0.7837885452823306
vt 0.20058645471766937 0.7837885452823306
vt 0.20058645471766942 0.890625
vn -0.7933533402912353 0 -0.6087614290087207
vn 0.6087614290087208 0 -0.7933533402912352
vn 0.7933533402912354 0 0.6087614290087207
vn -0.6087614290087204 0 0.7933533402912353
vn 0 1 0
vn 0 -1 0
usemtl m_6e3b917d-13a3-2ff1-f715-8e763d07b558
f 33/97/25 34/98/25 35/99/25 36/100/25
f 37/101/26 33/102/26 36/103/26 38/104/26
f 39/105/27 37/106/27 38/107/27 40/108/27
f 34/109/28 39/110/28 40/111/28 35/112/28
f 40/113/29 38/114/29 36/115/29 35/116/29
f 34/117/30 33/118/30 37/119/30 39/120/30