# Made in Blockbench 4.8.3
mtllib horn_s_2.mtl

o cube
v 0.6839567966314295 0.639575 0.7397371648766686
v 0.7397371648766686 0.639575 0.3160432033685705
v 0.6839567966314295 0 0.7397371648766686
v 0.7397371648766686 0 0.3160432033685705
v 0.3160432033685705 0.639575 0.2602628351233315
v 0.2602628351233315 0.639575 0.6839567966314295
v 0.3160432033685705 0 0.2602628351233315
v 0.2602628351233315 0 0.6839567966314295
vt 0.33176875 0.84
vt 0.33176875 0.703248
vt 0.171875 0.703248
vt 0.171875 0.84
vt 0.36301875 0.623248
vt 0.36301875 0.76
vt 0.203125 0.76
vt 0.203125 0.623248
vt 0.46875 0.98
vt 0.46875 0.843248
vt 0.30885625000000005 0.843248
vt 0.30885625000000005 0.98
vt 0.26926875 0.72
vt 0.26926875 0.583248
vt 0.109375 0.583248
vt 0.109375 0.72
vt 0.875 0.56
vt 0.9818375 0.56
vt 0.9818375 0.42324799999999996
vt 0.875 0.42324799999999996
vt 0 0.92
vt 0.1068375 0.92
vt 0.1068375 0.7832479999999999
vt 0 0.7832479999999999
vn 0.13052619222005157 0 -0.9914448613738104
vn 0.9914448613738104 0 0.13052619222005157
vn -0.13052619222005157 0 0.9914448613738104
vn -0.9914448613738104 0 -0.13052619222005157
vn 0 1 0
vn 0 -1 0
usemtl m_935758ac-b5ac-80ec-13c9-216875bf7d18
f 4/4/1 7/3/1 5/2/1 2/1/1
f 3/8/2 4/7/2 2/6/2 1/5/2
f 8/12/3 3/11/3 1/10/3 6/9/3
f 7/16/4 8/15/4 6/14/4 5/13/4
f 6/20/5 1/19/5 2/18/5 5/17/5
f 7/24/6 4/23/6 3/22/6 8/21/6
o cube
v 0.49022080822654 1.7893079238684213 1.0126730411011242
v 0.526911602879542 1.9193850222118596 0.8471715616537105
v 0.5465284821218248 1.450268373894962 0.7586855376402328
v 0.5832192767748268 1.5803454722384007 0.5931840581928189
v 0.31830155355819 1.9193850222118596 0.8009238271454864
v 0.28161075890518816 1.7893079238684213 0.9664253065929
v 0.3746092274534749 1.5803454722384007 0.5469363236845948
v 0.33791843280047296 1.450268373894962 0.7124378031320087
vt 0.46875 0.731624
vt 0.46875 0.8
vt 0.5755874999999999 0.8
vt 0.5755874999999999 0.731624
vt 0.859375 0.5916239999999999
vt 0.859375 0.6599999999999999
vt 0.9662124999999999 0.6599999999999999
vt 0.9662124999999999 0.5916239999999999
vt 0.625 0.771624
vt 0.625 0.84
vt 0.7318374999999999 0.84
vt 0.7318374999999999 0.771624
vt 0.625 0.631624
vt 0.625 0.7
vt 0.7318374999999999 0.7
vt 0.7318374999999999 0.631624
vt 0.90625 0.52
vt 0.95966875 0.52
vt 0.95966875 0.4516239999999999
vt 0.90625 0.4516239999999999
vt 0.84375 0.88
vt 0.89716875 0.88
vt 0.89716875 0.8116239999999999
vt 0.84375 0.8116239999999999
vn 0.17171309068913929 0.6087614290087207 -0.7745476983615946
vn 0.9762960071199334 1.3877787807814457e-17 0.21643961393810288
vn -0.17171309068913929 -0.6087614290087207 0.7745476983615946
vn -0.9762960071199334 -1.3877787807814457e-17 -0.21643961393810288
vn -0.13176008867505534 0.7933533402912354 0.5943313524298388
vn 0.13176008867505534 -0.7933533402912354 -0.5943313524298388
usemtl m_935758ac-b5ac-80ec-13c9-216875bf7d18
f 12/28/7 15/27/7 13/26/7 10/25/7
f 11/32/8 12/31/8 10/30/8 9/29/8
f 16/36/9 11/35/9 9/34/9 14/33/9
f 15/40/10 16/39/10 14/38/10 13/37/10
f 14/44/11 9/43/11 10/42/11 13/41/11
f 15/48/12 12/47/12 11/46/12 16/45/12
o cube
v 0.4227424802399693 1.9784275790474388 1.168392327266811
v 0.4439763878956544 2.0953451121784727 1.0726123594383377
v 0.47513188205576085 1.7753227640767344 0.9320790069945515
v 0.49636578971144596 1.8922402972077688 0.8362990391660783
v 0.29496920980897445 2.0953451121784727 1.0395782633610346
v 0.27373530215328945 1.9784275790474388 1.135358231189508
v 0.347358611624766 1.8922402972077688 0.8032649430887753
v 0.326124703969081 1.7753227640767344 0.8990449109172487
vt 0.6875 0.81116
vt 0.6875 0.86
vt 0.76649375 0.86
vt 0.76649375 0.81116
vt 0.765625 0.67116
vt 0.765625 0.72
vt 0.84461875 0.72
vt 0.84461875 0.67116
vt 0.703125 0.6799999999999999
vt 0.74128125 0.6799999999999999
vt 0.74128125 0.578888
vt 0.703125 0.578888
vt 0.92100625 0.6111599999999999
vt 0.92100625 0.6599999999999999
vt 1 0.6599999999999999
vt 1 0.6111599999999999
vt 0.921875 0.8200000000000001
vt 0.96003125 0.8200000000000001
vt 0.96003125 0.77116
vt 0.921875 0.77116
vt 0.859375 0.78
vt 0.89753125 0.78
vt 0.89753125 0.73116
vt 0.859375 0.73116
vn 0.1391247020847505 0.766044443118978 -0.6275509767631344
vn 0.9762960071199335 -1.387778780781446e-17 0.21643961393810288
vn -0.1391247020847505 -0.766044443118978 0.6275509767631344
vn -0.9762960071199335 1.387778780781446e-17 -0.21643961393810288
vn -0.16580236352810063 0.6427876096865393 0.7478861310934712
vn 0.16580236352810063 -0.6427876096865393 -0.7478861310934712
usemtl m_935758ac-b5ac-80ec-13c9-216875bf7d18
f 20/52/13 23/51/13 21/50/13 18/49/13
f 19/56/14 20/55/14 18/54/14 17/53/14
f 24/60/15 19/59/15 17/58/15 22/57/15
f 23/64/16 24/63/16 22/62/16 21/61/16
f 22/68/17 17/67/17 18/66/17 21/65/17
f 23/72/18 20/71/18 19/70/18 24/69/18
o cube
v 0.6153062880688129 1.1459218609764281 0.7648189004352033
v 0.6939098516031428 1.193733605186633 0.4102611379827612
v 0.6317321482175862 0.5694710324521606 0.6907266333821684
v 0.7103357117519158 0.6172827766623654 0.33616887092972636
v 0.36609405981244714 1.193733605186633 0.3375861266126947
v 0.2874904962781173 1.1459218609764281 0.6921438890651368
v 0.38251991996122037 0.6172827766623654 0.26349385955965987
v 0.3039163564268905 0.5694710324521606 0.618051622012102
vt 0.56723125 0.552552
vt 0.56723125 0.6599999999999999
vt 0.421875 0.6599999999999999
vt 0.421875 0.552552
vt 0.45785624999999996 0.662784
vt 0.45785624999999996 0.78
vt 0.3125 0.78
vt 0.3125 0.662784
vt 0.50473125 0.872552
vt 0.50473125 0.98
vt 0.359375 0.98
vt 0.359375 0.872552
vt 0.62973125 0.742784
vt 0.62973125 0.86
vt 0.484375 0.86
vt 0.484375 0.742784
vt 0.890625 0.43255200000000005
vt 0.890625 0.54
vt 0.9822 0.54
vt 0.9822 0.43255200000000005
vt 0.671875 0.76
vt 0.75581875 0.76
vt 0.75581875 0.642784
vt 0.671875 0.642784
vn 0.21458794303666343 0.13052619222005157 -0.9679436594388269
vn 0.9762960071199335 0 0.21643961393810288
vn -0.21458794303666343 -0.13052619222005157 0.9679436594388269
vn -0.9762960071199335 0 -0.21643961393810288
vn -0.028251038652918573 0.9914448613738105 0.1274322002890053
vn 0.028251038652918573 -0.9914448613738105 -0.1274322002890053
usemtl m_935758ac-b5ac-80ec-13c9-216875bf7d18
f 28/76/19 31/75/19 29/74/19 26/73/19
f 27/80/20 28/79/20 26/78/20 25/77/20
f 32/84/21 27/83/21 25/82/21 30/81/21
f 31/88/22 32/87/22 30/86/22 29/85/22
f 30/92/23 25/91/23 26/90/23 29/89/23
f 31/96/24 28/95/24 27/94/24 32/93/24
o cube
v 0.5610191599397307 1.4981443032556276 0.8610365292302116
v 0.6231029525760794 1.602545952005788 0.5809946378458422
v 0.597066465293427 1.0405609815639294 0.6984376424371916
v 0.6591502579297757 1.1449626303140896 0.41839575105282223
v 0.35489003202005565 1.602545952005788 0.5215332649066968
v 0.292806239383707 1.4981443032556276 0.8015751562910665
v 0.3909373373737518 1.1449626303140896 0.3589343781136769
v 0.32885354473740325 1.0405609815639294 0.6389762694980463
vt 0.5592375 0.7320880000000001
vt 0.5592375 0.8200000000000001
vt 0.4375 0.8200000000000001
vt 0.4375 0.7320880000000001
vt 0.5 0.60232
vt 0.5 0.7
vt 0.6217375 0.7
vt 0.6217375 0.60232
vt 0.7467375 0.64
vt 0.7467375 0.5520879999999999
vt 0.625 0.5520879999999999
vt 0.625 0.64
vt 0.5279875 0.54
vt 0.5279875 0.44232000000000005
vt 0.40625 0.44232000000000005
vt 0.40625 0.54
vt 0.9080625 0.45208799999999993
vt 0.9080625 0.54
vt 0.984375 0.54
vt 0.984375 0.45208799999999993
vt 0.78125 0.912088
vt 0.78125 1
vt 0.8575625 1
vt 0.8575625 0.912088
vn 0.2033867080633861 0.3420201433256686 -0.9174181535933481
vn 0.9762960071199334 0 0.21643961393810285
vn -0.2033867080633861 -0.3420201433256686 0.9174181535933481
vn -0.9762960071199334 0 -0.21643961393810285
vn -0.07402670778046233 0.9396926207859084 0.3339129002834376
vn 0.07402670778046233 -0.9396926207859084 -0.3339129002834376
usemtl m_935758ac-b5ac-80ec-13c9-216875bf7d18
f 36/100/25 39/99/25 37/98/25 34/97/25
f 35/104/26 36/103/26 34/102/26 33/101/26
f 40/108/27 35/107/27 33/106/27 38/105/27
f 39/112/28 40/111/28 38/110/28 37/109/28
f 38/116/29 33/115/29 34/114/29 37/113/29
f 39/120/30 36/119/30 35/118/30 40/117/30