# Made in Blockbench 4.8.3
mtllib horn_s_r.mtl

o cube
v 0.8431763859773918 1.4981443032556276 0.6276741219897133
v 0.6316948902328596 1.602545952005788 0.4338870347111653
v 0.7203852720644144 1.0405609815639294 0.5151567964189274
v 0.5089037763198823 1.1449626303140896 0.32136970914037954
v 0.44609337044564723 1.602545952005788 0.6364355510663267
v 0.6575748661901795 1.4981443032556276 0.8302226383448748
v 0.32330225653267 1.1449626303140896 0.523918225495541
v 0.5347837522772021 1.0405609815639294 0.7177053127740889
vt 0.6373625 0.772088
vt 0.6373625 0.86
vt 0.515625 0.86
vt 0.515625 0.772088
vt 0.40625 0.62232
vt 0.40625 0.72
vt 0.5279875 0.72
vt 0.5279875 0.62232
vt 0.6686125 0.56
vt 0.6686125 0.47208799999999995
vt 0.546875 0.47208799999999995
vt 0.546875 0.56
vt 0.49673750000000005 0.6
vt 0.49673750000000005 0.50232
vt 0.375 0.50232
vt 0.375 0.6
vt 0.90625 0.45208799999999993
vt 0.90625 0.54
vt 0.9825625 0.54
vt 0.9825625 0.45208799999999993
vt 0.78125 0.912088
vt 0.78125 1
vt 0.8575625 1
vt 0.8575625 0.912088
vn -0.6928140728731604 0.34202014332566866 -0.6348471327716558
vn 0.6755902076156604 2.775557561562892e-17 -0.7372773368101241
vn 0.6928140728731604 -0.34202014332566866 0.6348471327716558
vn -0.6755902076156604 -2.775557561562892e-17 0.7372773368101241
vn 0.2521637004065659 0.9396926207859084 0.23106545963812636
vn -0.2521637004065659 -0.9396926207859084 -0.23106545963812636
usemtl m_935758ac-b5ac-80ec-13c9-216875bf7d18
f 4/4/1 7/3/1 5/2/1 2/1/1
f 3/8/2 4/7/2 2/6/2 1/5/2
f 8/12/3 3/11/3 1/10/3 6/9/3
f 7/16/4 8/15/4 6/14/4 5/13/4
f 6/20/5 1/19/5 2/18/5 5/17/5
f 7/24/6 4/23/6 3/22/6 8/21/6
o cube
v 0.9390982815422673 1.7893079238684213 0.7648055490548584
v 0.8141151933033997 1.9193850222118596 0.6502796490766136
v 0.7472924882489895 1.450268373894962 0.5890479213030861
v 0.6223094000101219 1.5803454722384007 0.47452202132484134
v 0.6697584556911234 1.9193850222118596 0.8078173840195169
v 0.794741543929991 1.7893079238684213 0.9223432839977617
v 0.47795266239784584 1.5803454722384007 0.6320597562677448
v 0.6029357506367132 1.450268373894962 0.7465856562459894
vt 0.84375 0.49162399999999995
vt 0.84375 0.56
vt 0.9505874999999999 0.56
vt 0.9505874999999999 0.49162399999999995
vt 0.78125 0.611624
vt 0.78125 0.6799999999999999
vt 0.8880874999999999 0.6799999999999999
vt 0.8880874999999999 0.611624
vt 0.59375 0.631624
vt 0.59375 0.7
vt 0.7005874999999999 0.7
vt 0.7005874999999999 0.631624
vt 0.53125 0.7716239999999999
vt 0.53125 0.84
vt 0.6380874999999999 0.84
vt 0.6380874999999999 0.7716239999999999
vt 0.921875 0.5
vt 0.97529375 0.5
vt 0.97529375 0.4316239999999999
vt 0.921875 0.4316239999999999
vt 0.84375 0.88
vt 0.89716875 0.88
vt 0.89716875 0.8116239999999999
vt 0.84375 0.8116239999999999
vn -0.5849214378793379 0.6087614290087207 -0.5359817478799331
vn 0.6755902076156604 0 -0.7372773368101241
vn 0.5849214378793379 -0.6087614290087207 0.5359817478799331
vn -0.6755902076156604 0 0.7372773368101241
vn 0.44882600513227494 0.7933533402912352 0.4112732602124076
vn -0.44882600513227494 -0.7933533402912352 -0.4112732602124076
usemtl m_935758ac-b5ac-80ec-13c9-216875bf7d18
f 12/28/7 15/27/7 13/26/7 10/25/7
f 11/32/8 12/31/8 10/30/8 9/29/8
f 16/36/9 11/35/9 9/34/9 14/33/9
f 15/40/10 16/39/10 14/38/10 13/37/10
f 14/44/11 9/43/11 10/42/11 13/41/11
f 15/48/12 12/47/12 11/46/12 16/45/12
o cube
v 1.0402159752276452 1.9784275790474388 0.9011031383789705
v 0.9678850437423736 2.0953451121784727 0.8348240510132974
v 0.8617573375271161 1.7753227640767344 0.7375759253812946
v 0.7894264060418443 1.8922402972077688 0.6712968380156217
v 0.8647730883050333 2.0953451121784727 0.9473510045439428
v 0.9371040197903051 1.9784275790474388 1.0136300919096155
v 0.6863144506045042 1.8922402972077688 0.7838237915462669
v 0.7586453820897758 1.7753227640767344 0.8501028789119398
vt 0.828125 0.49116000000000004
vt 0.828125 0.54
vt 0.90711875 0.54
vt 0.90711875 0.49116000000000004
vt 0.765625 0.59116
vt 0.765625 0.64
vt 0.84461875 0.64
vt 0.84461875 0.59116
vt 0.671875 0.7
vt 0.71003125 0.7
vt 0.71003125 0.598888
vt 0.671875 0.598888
vt 0.84288125 0.6311599999999999
vt 0.84288125 0.6799999999999999
vt 0.921875 0.6799999999999999
vt 0.921875 0.6311599999999999
vt 0.921875 0.52
vt 0.96003125 0.52
vt 0.96003125 0.47116
vt 0.921875 0.47116
vt 0.859375 0.78
vt 0.89753125 0.78
vt 0.89753125 0.73116
vt 0.859375 0.73116
vn -0.4739127370042372 0.7660444431189781 -0.43426101468090317
vn 0.6755902076156604 -2.7755575615628926e-17 -0.7372773368101241
vn 0.4739127370042372 -0.7660444431189781 0.43426101468090317
vn -0.6755902076156604 2.7755575615628926e-17 0.7372773368101241
vn 0.5647872069009547 0.6427876096865394 0.5175321243695733
vn -0.5647872069009547 -0.6427876096865394 -0.5175321243695733
usemtl m_935758ac-b5ac-80ec-13c9-216875bf7d18
f 20/52/13 23/51/13 21/50/13 18/49/13
f 19/56/14 20/55/14 18/54/14 17/53/14
f 24/60/15 19/59/15 17/58/15 22/57/15
f 23/64/16 24/63/16 22/62/16 21/61/16
f 22/68/17 17/67/17 18/66/17 21/65/17
f 23/72/18 20/71/18 19/70/18 24/69/18
o cube
v 0.7869930392135545 1.1459218609764281 0.5325512755339232
v 0.5192387915879362 1.193733605186633 0.28719971145898837
v 0.7310401837960321 0.5694710324521606 0.4812799298395578
v 0.4632859361704137 0.6172827766623654 0.23592836576462295
v 0.2923924896257878 1.193733605186633 0.5347590092264078
v 0.5601467372514062 1.1459218609764281 0.7801105733013425
v 0.23643963420826541 0.6172827766623654 0.4834876635320423
v 0.5041938818338838 0.5694710324521606 0.7288392276069771
vt 0.44223124999999996 0.672552
vt 0.44223124999999996 0.78
vt 0.296875 0.78
vt 0.296875 0.672552
vt 0.37973124999999996 0.8227840000000001
vt 0.37973124999999996 0.94
vt 0.234375 0.94
vt 0.234375 0.8227840000000001
vt 0.41098124999999996 0.492552
vt 0.41098124999999996 0.6
vt 0.265625 0.6
vt 0.265625 0.492552
vt 0.61410625 0.542784
vt 0.61410625 0.6599999999999999
vt 0.46875 0.6599999999999999
vt 0.46875 0.542784
vt 0.890625 0.45255200000000007
vt 0.890625 0.56
vt 0.9822 0.56
vt 0.9822 0.45255200000000007
vt 0.671875 0.76
vt 0.75581875 0.76
vt 0.75581875 0.642784
vt 0.671875 0.642784
vn -0.7309698269877656 0.13052619222005157 -0.6698104397350122
vn 0.6755902076156604 0 -0.737277336810124
vn 0.7309698269877656 -0.13052619222005157 0.6698104397350122
vn -0.6755902076156604 0 0.737277336810124
vn 0.09623400338396597 0.9914448613738105 0.08818221730122623
vn -0.09623400338396597 -0.9914448613738105 -0.08818221730122623
usemtl m_935758ac-b5ac-80ec-13c9-216875bf7d18
f 28/76/19 31/75/19 29/74/19 26/73/19
f 27/80/20 28/79/20 26/78/20 25/77/20
f 32/84/21 27/83/21 25/82/21 30/81/21
f 31/88/22 32/87/22 30/86/22 29/85/22
f 30/92/23 25/91/23 26/90/23 29/89/23
f 31/96/24 28/95/24 27/94/24 32/93/24
o cube
v 0.7995968733301682 0.639575 0.46055732335670874
v 0.46055732335670874 0.639575 0.20040312666983184
v 0.7995968733301682 0 0.46055732335670874
v 0.46055732335670874 0 0.20040312666983184
v 0.20040312666983184 0.639575 0.5394426766432914
v 0.5394426766432914 0.639575 0.7995968733301682
v 0.20040312666983184 0 0.5394426766432914
v 0.5394426766432914 0 0.7995968733301682
vt 0.30051875 0.74
vt 0.30051875 0.603248
vt 0.140625 0.603248
vt 0.140625 0.74
vt 0.34739375 0.683248
vt 0.34739375 0.8200000000000001
vt 0.1875 0.8200000000000001
vt 0.1875 0.683248
vt 0.28489375 0.5800000000000001
vt 0.28489375 0.443248
vt 0.125 0.443248
vt 0.125 0.5800000000000001
vt 0.28489375 0.98
vt 0.28489375 0.843248
vt 0.125 0.843248
vt 0.125 0.98
vt 0.875 0.56
vt 0.9818375 0.56
vt 0.9818375 0.42324799999999996
vt 0.875 0.42324799999999996
vt 0 0.92
vt 0.1068375 0.92
vt 0.1068375 0.7832479999999999
vt 0 0.7832479999999999
vn -0.7933533402912352 0 -0.6087614290087207
vn 0.6087614290087207 0 -0.7933533402912352
vn 0.7933533402912352 0 0.6087614290087207
vn -0.6087614290087207 0 0.7933533402912352
vn 0 1 0
vn 0 -1 0
usemtl m_935758ac-b5ac-80ec-13c9-216875bf7d18
f 36/100/25 39/99/25 37/98/25 34/97/25
f 35/104/26 36/103/26 34/102/26 33/101/26
f 40/108/27 35/107/27 33/106/27 38/105/27
f 39/112/28 40/111/28 38/110/28 37/109/28
f 38/116/29 33/115/29 34/114/29 37/113/29
f 39/120/30 36/119/30 35/118/30 40/117/30