# Made in Blockbench 4.8.3
mtllib horn_s_r.mtl

o cube
v 0.8329415871086705 1.4981443032556276 0.3476168877732593
v 0.5463734238511873 1.602545952005788 0.36012872398864126
v 0.6665533938792774 1.0405609815639294 0.35488155317849823
v 0.3799852306217941 1.1449626303140896 0.3673933893938802
v 0.5583567600451291 1.602545952005788 0.6345922466627174
v 0.8449249233026124 1.4981443032556276 0.6220804104473352
v 0.3919685668157359 1.1449626303140896 0.6418569120679563
v 0.6785367300732192 1.0405609815639294 0.6293450758525743
vt 0.6373625 0.772088
vt 0.6373625 0.86
vt 0.515625 0.86
vt 0.515625 0.772088
vt 0.40625 0.62232
vt 0.40625 0.72
vt 0.5279875 0.72
vt 0.5279875 0.62232
vt 0.6686125 0.56
vt 0.6686125 0.47208799999999995
vt 0.546875 0.47208799999999995
vt 0.546875 0.56
vt 0.49673750000000005 0.6
vt 0.49673750000000005 0.50232
vt 0.375 0.50232
vt 0.375 0.6
vt 0.90625 0.45208799999999993
vt 0.90625 0.54
vt 0.9825625 0.54
vt 0.9825625 0.45208799999999993
vt 0.78125 0.912088
vt 0.78125 1
vt 0.8575625 1
vt 0.8575625 0.912088
vn -0.938798241629757 0.3420201433256687 0.040988816430407894
vn -0.04361938736533554 1.7347234759768075e-18 -0.9990482215818579
vn 0.938798241629757 -0.3420201433256687 -0.040988816430407894
vn 0.04361938736533554 -1.7347234759768075e-18 0.9990482215818579
vn 0.3416946159346814 0.9396926207859084 -0.014918709118469924
vn -0.3416946159346814 -0.9396926207859084 0.014918709118469924
usemtl m_935758ac-b5ac-80ec-13c9-216875bf7d18
f 4/4/1 7/3/1 5/2/1 2/1/1
f 3/8/2 4/7/2 2/6/2 1/5/2
f 8/12/3 3/11/3 1/10/3 6/9/3
f 7/16/4 8/15/4 6/14/4 5/13/4
f 6/20/5 1/19/5 2/18/5 5/17/5
f 7/24/6 4/23/6 3/22/6 8/21/6
o cube
v 0.9977351719184142 1.7893079238684213 0.3767564269466206
v 0.8283767421949653 1.9193850222118596 0.3841507756778513
v 0.7378285843813335 1.450268373894962 0.3881041936266232
v 0.5684701546578843 1.5803454722384007 0.39549854235785387
v 0.8376971147902532 1.9193850222118596 0.5976224044243548
v 1.0070555445137024 1.7893079238684213 0.5902280556931241
v 0.5777905272531725 1.5803454722384007 0.6089701711043574
v 0.7471489569766214 1.450268373894962 0.6015758223731267
vt 0.421875 0.651624
vt 0.421875 0.72
vt 0.5287124999999999 0.72
vt 0.5287124999999999 0.651624
vt 0.78125 0.611624
vt 0.78125 0.6799999999999999
vt 0.8880874999999999 0.6799999999999999
vt 0.8880874999999999 0.611624
vt 0.59375 0.631624
vt 0.59375 0.7
vt 0.7005874999999999 0.7
vt 0.7005874999999999 0.631624
vt 0.53125 0.7716239999999999
vt 0.53125 0.84
vt 0.6380874999999999 0.84
vt 0.6380874999999999 0.7716239999999999
vt 0.921875 0.5
vt 0.97529375 0.5
vt 0.97529375 0.4316239999999999
vt 0.921875 0.4316239999999999
vt 0.84375 0.88
vt 0.89716875 0.88
vt 0.89716875 0.8116239999999999
vt 0.84375 0.8116239999999999
vn -0.7925982437039851 0.6087614290087205 0.034605586667746255
vn -0.04361938736533554 0 -0.9990482215818579
vn 0.7925982437039851 -0.6087614290087205 -0.034605586667746255
vn 0.04361938736533554 0 0.9990482215818579
vn 0.6081820230187928 0.7933533402912354 -0.0265538005850066
vn -0.6081820230187928 -0.7933533402912354 0.0265538005850066
usemtl m_935758ac-b5ac-80ec-13c9-216875bf7d18
f 12/28/7 15/27/7 13/26/7 10/25/7
f 11/32/8 12/31/8 10/30/8 9/29/8
f 16/36/9 11/35/9 9/34/9 14/33/9
f 15/40/10 16/39/10 14/38/10 13/37/10
f 14/44/11 9/43/11 10/42/11 13/41/11
f 15/48/12 12/47/12 11/46/12 16/45/12
o cube
v 1.1656131284917481 1.9784275790474388 0.4016323697142046
v 1.06760104422185 2.0953451121784727 0.4059116697298568
v 0.9237926143931972 1.7753227640767344 0.4121904813743683
v 0.8257805301232992 1.8922402972077688 0.41646978139002055
v 1.0742584532184845 2.0953451121784727 0.5583914045487879
v 1.1722705374883824 1.9784275790474388 0.5541121045331356
v 0.8324379391199335 1.8922402972077688 0.5689495162089515
v 0.9304500233898314 1.7753227640767344 0.5646702161932993
vt 0.65625 0.79116
vt 0.65625 0.84
vt 0.73524375 0.84
vt 0.73524375 0.79116
vt 0.765625 0.59116
vt 0.765625 0.64
vt 0.84461875 0.64
vt 0.84461875 0.59116
vt 0.671875 0.7
vt 0.71003125 0.7
vt 0.71003125 0.598888
vt 0.671875 0.598888
vt 0.84288125 0.6311599999999999
vt 0.84288125 0.6799999999999999
vt 0.921875 0.6799999999999999
vt 0.921875 0.6311599999999999
vt 0.921875 0.8200000000000001
vt 0.96003125 0.8200000000000001
vt 0.96003125 0.77116
vt 0.921875 0.77116
vt 0.859375 0.78
vt 0.89753125 0.78
vt 0.89753125 0.73116
vt 0.859375 0.73116
vn -0.6421758183121904 0.7660444431189781 0.028038001740555266
vn -0.04361938736533554 3.469446951953615e-18 -0.9990482215818578
vn 0.6421758183121904 -0.7660444431189781 -0.028038001740555266
vn 0.04361938736533554 -3.469446951953615e-18 0.9990482215818578
vn 0.7653153385506798 0.6427876096865393 -0.033414389303469454
vn -0.7653153385506798 -0.6427876096865393 0.033414389303469454
usemtl m_935758ac-b5ac-80ec-13c9-216875bf7d18
f 20/52/13 23/51/13 21/50/13 18/49/13
f 19/56/14 20/55/14 18/54/14 17/53/14
f 24/60/15 19/59/15 17/58/15 22/57/15
f 23/64/16 24/63/16 22/62/16 21/61/16
f 22/68/17 17/67/17 18/66/17 21/65/17
f 23/72/18 20/71/18 19/70/18 24/69/18
o cube
v 0.7259519518475499 1.1459218609764281 0.32008250348506784
v 0.36313135292786103 1.193733605186633 0.3359235929405324
v 0.650132992134024 0.5694710324521606 0.3233928307565028
v 0.2873123932143351 0.6172827766623654 0.3392339202119674
v 0.3777776527204566 1.193733605186633 0.6713790095421808
v 0.7405982516401455 1.1459218609764281 0.6555379200867162
v 0.3019586930069307 0.6172827766623654 0.6746893368136155
v 0.6647792919266196 0.5694710324521606 0.6588482473581512
vt 0.44223124999999996 0.672552
vt 0.44223124999999996 0.78
vt 0.296875 0.78
vt 0.296875 0.672552
vt 0.37973124999999996 0.8227840000000001
vt 0.37973124999999996 0.94
vt 0.234375 0.94
vt 0.234375 0.8227840000000001
vt 0.41098124999999996 0.492552
vt 0.41098124999999996 0.6
vt 0.265625 0.6
vt 0.265625 0.492552
vt 0.61410625 0.542784
vt 0.61410625 0.6599999999999999
vt 0.46875 0.6599999999999999
vt 0.46875 0.542784
vt 0.890625 0.45255200000000007
vt 0.890625 0.56
vt 0.9822 0.56
vt 0.9822 0.45255200000000007
vt 0.671875 0.76
vt 0.75581875 0.76
vt 0.75581875 0.642784
vt 0.671875 0.642784
vn -0.990501225551977 0.13052619222005157 0.04324621745963563
vn -0.043619387365335535 -8.673617379884037e-19 -0.9990482215818579
vn 0.990501225551977 -0.13052619222005157 -0.04324621745963563
vn 0.043619387365335535 8.673617379884037e-19 0.9990482215818579
vn 0.13040196020729425 0.9914448613738105 -0.005693472539768676
vn -0.13040196020729425 -0.9914448613738105 0.005693472539768676
usemtl m_935758ac-b5ac-80ec-13c9-216875bf7d18
f 28/76/19 31/75/19 29/74/19 26/73/19
f 27/80/20 28/79/20 26/78/20 25/77/20
f 32/84/21 27/83/21 25/82/21 30/81/21
f 31/88/22 32/87/22 30/86/22 29/85/22
f 30/92/23 25/91/23 26/90/23 29/89/23
f 31/96/24 28/95/24 27/94/24 32/93/24
o cube
v 0.6839567966314295 0.639575 0.2602628351233316
v 0.2602628351233316 0.639575 0.3160432033685705
v 0.6839567966314295 0 0.2602628351233316
v 0.2602628351233316 0 0.3160432033685705
v 0.3160432033685705 0.639575 0.7397371648766684
v 0.7397371648766684 0.639575 0.6839567966314295
v 0.3160432033685705 0 0.7397371648766684
v 0.7397371648766684 0 0.6839567966314295
vt 0.30051875 0.74
vt 0.30051875 0.603248
vt 0.140625 0.603248
vt 0.140625 0.74
vt 0.34739375 0.683248
vt 0.34739375 0.8200000000000001
vt 0.1875 0.8200000000000001
vt 0.1875 0.683248
vt 0.28489375 0.5800000000000001
vt 0.28489375 0.443248
vt 0.125 0.443248
vt 0.125 0.5800000000000001
vt 0.28489375 0.98
vt 0.28489375 0.843248
vt 0.125 0.843248
vt 0.125 0.98
vt 0.875 0.56
vt 0.9818375 0.56
vt 0.9818375 0.42324799999999996
vt 0.875 0.42324799999999996
vt 0 0.92
vt 0.1068375 0.92
vt 0.1068375 0.7832479999999999
vt 0 0.7832479999999999
vn -0.9914448613738106 0 0.13052619222005116
vn -0.13052619222005116 0 -0.9914448613738106
vn 0.9914448613738106 0 -0.13052619222005116
vn 0.13052619222005116 0 0.9914448613738106
vn 0 1 0
vn 0 -1 0
usemtl m_935758ac-b5ac-80ec-13c9-216875bf7d18
f 36/100/25 39/99/25 37/98/25 34/97/25
f 35/104/26 36/103/26 34/102/26 33/101/26
f 40/108/27 35/107/27 33/106/27 38/105/27
f 39/112/28 40/111/28 38/110/28 37/109/28
f 38/116/29 33/115/29 34/114/29 37/113/29
f 39/120/30 36/119/30 35/118/30 40/117/30