# Made in Blockbench 4.10.2
mtllib horn_s_r_2.mtl

o cube
v 0.5694619705870347 1.1449626303140896 0.33518770468344017
v 0.32577791944214773 1.1449626303140896 0.4620415924544349
v 0.40268063126591347 1.602545952005788 0.6097703273835029
v 0.6463646824108005 1.602545952005788 0.4829164396125081
v 0.7019104842052655 1.0405609815639294 0.5896189320879581
v 0.7788131960290312 1.4981443032556276 0.7373476670170263
v 0.45822643306037836 1.0405609815639294 0.716472819858953
v 0.535129144884144 1.4981443032556276 0.8642015547880209
vt 0.16097187500000013 0.864096875
vt 0.16097187500000013 0.795415625
vt 0.28270937500000015 0.795415625
vt 0.28270937500000015 0.864096875
vt 0.1960380606650055 0.8366626091615603
vt 0.1960380606650055 0.760349644619951
vt 0.317775355380048 0.760351564397372
vt 0.31777482098526666 0.8366630606650054
vt 0.2234718750000008 0.8172218750000005
vt 0.2234718750000008 0.7485406250000005
vt 0.3452093750000008 0.7485406250000006
vt 0.3452093750000008 0.8172218750000005
vt 0.15625 0.7968750000000006
vt 0.15625 0.7205620354583913
vt 0.2779867603202612 0.7205615839549462
vt 0.27798729471504247 0.7968730802225797
vt 0.3125000000000008 0.7361875000000002
vt 0.3811812500000008 0.7361875000000002
vt 0.3811812500000008 0.8125000000000002
vt 0.3125000000000008 0.8125000000000002
vt 0.34993125000000014 0.890625
vt 0.2812500000000001 0.890625
vt 0.2812500000000001 0.8143125
vt 0.34993125000000014 0.8143125
vn -0.4339017645150878 0.3420201433256688 -0.8335175344947353
vn 0.8870108331782216 -2.3341040313214115e-17 -0.46174861323503447
vn 0.43390176451508794 -0.34202014332566916 0.8335175344947353
vn -0.8870108331782217 0 0.46174861323503397
vn 0.15792732687907482 0.9396926207859084 0.3033755722950363
vn -0.15792732687907488 -0.9396926207859088 -0.30337557229503587
usemtl m_fbc94565-c4a2-72e6-ddae-80e5152de1ff
f 1/1/1 2/2/1 3/3/1 4/4/1
f 5/5/2 1/6/2 4/7/2 6/8/2
f 7/9/3 5/10/3 6/11/3 8/12/3
f 2/13/4 7/14/4 8/15/4 3/16/4
f 8/17/5 6/18/5 4/19/5 3/20/5
f 2/21/6 1/22/6 5/23/6 7/24/6
o cube
v 0.6236472225603897 1.5803454722384007 0.5178908099679511
v 0.4341151827810332 1.5803454722384007 0.6165549449009471
v 0.5542410223284726 1.9193850222118596 0.8473145356589844
v 0.7437730621078293 1.9193850222118596 0.7486504007259884
v 0.7019227435764273 1.450268373894962 0.6682566868191149
v 0.8220485831238666 1.7893079238684213 0.8990162775771524
v 0.5123907037970707 1.450268373894962 0.7669208217521108
v 0.6325165433445101 1.7893079238684213 0.9976804125101482
vt 0.25454062500000085 0.8482906250000004
vt 0.25454062500000085 0.7948718750000004
vt 0.36137812500000077 0.7948718750000004
vt 0.36137812500000077 0.8482906250000004
vt 0.27016541072873473 0.8170391711095084
vt 0.27016541072873473 0.7636209437506736
vt 0.37700405624932637 0.7636212321862061
vt 0.377002816630099 0.8170404107287357
vt 0.23891562499999972 0.8639156250000001
vt 0.23891562499999972 0.810496875
vt 0.34575312499999966 0.810496875
vt 0.34575312499999966 0.8639156250000001
vt 0.21875000000000022 0.8281250000000001
vt 0.21875000000000022 0.7747067726411654
vt 0.3255874059013645 0.7747055330219381
vt 0.32558864552059186 0.8281247115644677
vt 0.32812499999999967 0.7434562500000002
vt 0.3815437499999997 0.7434562500000002
vt 0.3815437499999997 0.7968750000000002
vt 0.32812499999999967 0.7968750000000002
vt 0.35029375000000085 0.8750000000000002
vt 0.29687500000000083 0.8750000000000002
vt 0.29687500000000083 0.8215812500000002
vt 0.35029375000000085 0.8215812500000002
vn -0.36632980468486015 0.6087614290087208 -0.7037130073764536
vn 0.8870108331782216 5.6992025174345e-17 -0.46174861323503447
vn 0.36632980468486015 -0.6087614290087205 0.7037130073764537
vn -0.8870108331782217 -4.559362013947596e-16 0.4617486132350342
vn 0.28109474563575376 0.7933533402912357 0.5399779823517897
vn -0.28109474563575493 -0.7933533402912345 -0.5399779823517907
usemtl m_fbc94565-c4a2-72e6-ddae-80e5152de1ff
f 9/25/7 10/26/7 11/27/7 12/28/7
f 13/29/8 9/30/8 12/31/8 14/32/8
f 15/33/9 13/34/9 14/35/9 16/36/9
f 10/37/10 15/38/10 16/39/10 11/40/10
f 16/41/11 14/42/11 12/43/11 11/44/11
f 10/45/12 9/46/12 13/47/12 15/48/12
o cube
v 0.7133848889287706 1.8922402972077688 0.7599560355239037
v 0.5780048605149444 1.8922402972077688 0.830430417618901
v 0.6897715246505252 2.0953451121784727 1.045132181814541
v 0.8251515530643514 2.0953451121784727 0.9746577997195438
v 0.7586849485397495 1.7753227640767344 0.8469766403873229
v 0.8704516126753303 1.9784275790474388 1.0616784045829628
v 0.6233049201259235 1.7753227640767344 0.9174510224823198
v 0.7350715842615041 1.9784275790474388 1.13215278667796
vt 0.27645625000000024 0.7920812499999998
vt 0.27645625000000024 0.753925
vt 0.3554500000000002 0.753925
vt 0.3554500000000002 0.7920812499999998
vt 0.26083218519746015 0.8389544184496444
vt 0.2608321851974601 0.8007990052153202
vt 0.33982599478468056 0.8008005750439725
vt 0.3398249903989158 0.8389571851974607
vt 0.2452062499999999 0.8233312499999998
vt 0.2452062499999999 0.785175
vt 0.3241999999999999 0.785175
vt 0.3241999999999999 0.8233312499999998
vt 0.31249999999999933 0.8281250000000001
vt 0.31249999999999933 0.7899695867656761
vt 0.391492805201455 0.7899668200178598
vt 0.3914938095872198 0.8281234301713478
vt 0.3281249999999999 0.7587187499999992
vt 0.3662812499999999 0.7587187499999992
vt 0.3662812499999999 0.7968749999999993
vt 0.3281249999999999 0.7968749999999993
vt 0.3350312500000002 0.8437499999999993
vt 0.2968750000000002 0.8437499999999993
vt 0.2968750000000002 0.8055937499999992
vt 0.3350312500000002 0.8055937499999992
vn -0.29680628737742243 0.7660444431189783 -0.5701595732246943
vn 0.887010833178222 -4.856077675038045e-16 -0.4617486132350332
vn 0.2968062873774217 -0.7660444431189776 0.5701595732246956
vn -0.8870108331782216 -1.942431070015219e-15 0.46174861323503436
vn 0.3537199592865919 0.6427876096865395 0.6794897197425116
vn -0.35371995928659306 -0.6427876096865388 -0.6794897197425116
usemtl m_fbc94565-c4a2-72e6-ddae-80e5152de1ff
f 17/49/13 18/50/13 19/51/13 20/52/13
f 21/53/14 17/54/14 20/55/14 22/56/14
f 23/57/15 21/58/15 22/59/15 24/60/15
f 18/61/16 23/62/16 24/63/16 19/64/16
f 24/65/17 22/66/17 20/67/17 19/68/17
f 18/69/18 17/70/18 21/71/18 23/72/18
o cube
v 0.5558178833297021 0.6172827766623654 0.23929688457707776
v 0.2579818208192848 0.6172827766623654 0.3943405251860712
v 0.2930244731641446 1.193733605186633 0.46165683402221125
v 0.590860535674562 1.193733605186633 0.3066131934132177
v 0.7235093968974924 0.5694710324521606 0.5614292849855456
v 0.7585520492423523 1.1459218609764281 0.6287455938216855
v 0.425673334387075 0.5694710324521606 0.7164729255945392
v 0.4607159867319349 1.1459218609764281 0.7837892344306792
vt 0.15679375000000065 0.8286687499999993
vt 0.15679375000000065 0.7447249999999993
vt 0.3021500000000007 0.7447249999999994
vt 0.3021500000000007 0.8286687499999993
vt 0.12935975775280245 0.8637347577528017
vt 0.1293597577528024 0.7721591141115978
vt 0.2747158858884029 0.7721596073481749
vt 0.27471568193943724 0.8637337018570187
vt 0.14116875000000065 0.8599187500000001
vt 0.14116875000000065 0.775975
vt 0.2865250000000007 0.775975
vt 0.2865250000000007 0.8599187500000001
vt 0.1718749999999998 0.8906249999999996
vt 0.17187499999999978 0.7990493563587955
vt 0.31723092418663457 0.7990504122545784
vt 0.31723112813560034 0.8906245067634222
vt 0.31250000000000067 0.7209249999999993
vt 0.39644375000000065 0.7209249999999993
vt 0.39644375000000065 0.8124999999999992
vt 0.31250000000000067 0.8124999999999992
vt 0.33394375000000065 0.8593749999999992
vt 0.25000000000000067 0.8593749999999992
vt 0.25000000000000067 0.7677999999999993
vt 0.33394375000000065 0.7677999999999993
vn -0.45779828983835746 0.1305261922200516 -0.8794223325374503
vn 0.8870108331782216 -1.303225647391567e-16 -0.46174861323503413
vn 0.45779828983835785 -0.13052619222005155 0.8794223325374501
vn -0.8870108331782218 1.9548384710873502e-16 0.46174861323503374
vn 0.0602702882484583 0.9914448613738105 0.11577814651268857
vn -0.060270288248458266 -0.9914448613738106 -0.11577814651268863
usemtl m_fbc94565-c4a2-72e6-ddae-80e5152de1ff
f 25/73/19 26/74/19 27/75/19 28/76/19
f 29/77/20 25/78/20 28/79/20 30/80/20
f 31/81/21 29/82/21 30/83/21 32/84/21
f 26/85/22 31/86/22 32/87/22 27/88/22
f 32/89/23 30/90/23 28/91/23 27/92/23
f 26/93/24 25/94/24 29/95/24 31/96/24
o cube
v 0.5654041733705608 0 0.20498083900242392
v 0.20498083900242392 0 0.4345958266294392
v 0.20498083900242392 0.639575 0.4345958266294392
v 0.5654041733705608 0.639575 0.20498083900242392
v 0.7950191609975761 0 0.5654041733705608
v 0.7950191609975761 0.639575 0.5654041733705608
v 0.4345958266294392 0 0.7950191609975761
v 0.4345958266294392 0.639575 0.7950191609975761
vt 0.08284687500000001 0.864096875
vt 0.08284687500000001 0.7572593750000001
vt 0.24274062500000002 0.7572593750000001
vt 0.24274062500000002 0.864096875
vt 0.11409687499999968 0.8640968749999998
vt 0.11409687499999968 0.7572593749999998
vt 0.2739906249999997 0.7572593749999998
vt 0.2739906249999997 0.8640968749999998
vt 0.12972187500000001 0.864096875
vt 0.12972187500000001 0.757259375
vt 0.28961562500000004 0.757259375
vt 0.28961562500000004 0.864096875
vt 0.08284687500000001 0.8484718749999999
vt 0.08284687500000001 0.7416343749999998
vt 0.24274062500000002 0.7416343749999998
vt 0.24274062500000002 0.8484718749999999
vt 0.28125000000000017 0.7056624829527178
vt 0.38808751704728145 0.7056624829527179
vt 0.3880875170472814 0.8124999999999992
vt 0.2812500000000001 0.8124999999999992
vt 0.10937500000000006 0.890625
vt 0.109375 0.7837874829527187
vt 0.2162125170472813 0.7837874829527187
vt 0.21621251704728137 0.890625
vn -0.5372996083468238 0 -0.8433914458128858
vn 0.8433914458128858 0 -0.5372996083468238
vn 0.5372996083468238 0 0.8433914458128858
vn -0.8433914458128858 0 0.5372996083468238
vn 0 1 0
vn 0 -1 0
usemtl m_fbc94565-c4a2-72e6-ddae-80e5152de1ff
f 33/97/25 34/98/25 35/99/25 36/100/25
f 37/101/26 33/102/26 36/103/26 38/104/26
f 39/105/27 37/106/27 38/107/27 40/108/27
f 34/109/28 39/110/28 40/111/28 35/112/28
f 40/113/29 38/114/29 36/115/29 35/116/29
f 34/117/30 33/118/30 37/119/30 39/120/30