# Made in Blockbench 4.8.3
mtllib red_cloth_up.mtl

o cube
v -0.8488130583954551 2.1813688290066517 2.6710162970289275e-9
v -0.8488130583954551 2.1813688290066517 2.6710162970289275e-9
v -0.5105190339531477 1.1084372594148961 2.6710162970289275e-9
v -0.5105190339531477 1.1084372594148961 2.6710162970289275e-9
v -0.8488130583954553 2.1813688290066517 1.0000000026710163
v -0.8488130583954553 2.1813688290066517 1.0000000026710163
v -0.5105190339531479 1.1084372594148961 1.0000000026710163
v -0.5105190339531479 1.1084372594148961 1.0000000026710163
vt 0.203125 0.15625
vt 0.203125 0.65625
vt 0.484375 0.65625
vt 0.484375 0.15625
vt 0.34375 0.84375
vt 0.34375 0.84375
vt 0.34375 0.25
vt 0.34375 0.25
vt 0.640625 0.5
vt 0.640625 1
vt 0.921875 1
vt 0.921875 0.5
vt 0.34375 0.84375
vt 0.34375 0.84375
vt 0.34375 0.25
vt 0.34375 0.25
vt 0 1
vt 0.3333333333333333 1
vt 0.3333333333333333 1
vt 0 1
vt 0 1
vt 0.3333333333333333 1
vt 0.3333333333333333 1
vt 0 1
vn -0.9537169507482269 -0.30070579950427323 -2.2213593796328025e-16
vn 2.117677035391956e-16 6.677010044959202e-17 -1
vn 0.9537169507482269 0.30070579950427323 2.2213593796328025e-16
vn -2.117677035391956e-16 -6.677010044959202e-17 1
vn -0.3007057995042733 0.953716950748227 -2.7531600201642774e-18
vn 0.3007057995042733 -0.953716950748227 2.7531600201642774e-18
usemtl m_fac4a3ee-1cbf-cad2-dc08-59a1570189f0
f 4/4/1 7/3/1 5/2/1 2/1/1
f 3/8/2 4/7/2 2/6/2 1/5/2
f 8/12/3 3/11/3 1/10/3 6/9/3
f 7/16/4 8/15/4 6/14/4 5/13/4
f 6/20/5 1/19/5 2/18/5 5/17/5
f 7/24/6 4/23/6 3/22/6 8/21/6
o cube
v -0.5170681012563475 1.1211562812802542 2.6785902385029203e-9
v -0.5170681012563475 1.1211562812802542 2.6785902385029203e-9
v -0.10329164001159408 0.12221153675242546 2.6785902385029203e-9
v -0.10329164001159408 0.12221153675242546 2.6785902385029203e-9
v -0.5170681150232256 1.1211562755778268 1.0000000026785898
v -0.5170681150232256 1.1211562755778268 1.0000000026785898
v -0.10329165377847216 0.12221153104999805 1.0000000026785898
v -0.10329165377847216 0.12221153104999805 1.0000000026785898
vt 0.515625 0.3125
vt 0.515625 0.8125
vt 0.7812499999999991 0.8125
vt 0.7812499999999991 0.3125
vt 0.34375 0.84375
vt 0.34375 0.84375
vt 0.34375 0.3125000000000018
vt 0.34375 0.3125000000000018
vt 0.34375 0.1015625
vt 0.34375 0.6015625
vt 0.6093749999999991 0.6015625
vt 0.6093749999999991 0.1015625
vt 0.34375 0.84375
vt 0.34375 0.84375
vt 0.34375 0.3125000000000018
vt 0.34375 0.3125000000000018
vt 0 1
vt 0.3333333333333333 1
vt 0.3333333333333333 1
vt 0 1
vt 0 1
vt 0.3333333333333333 1
vt 0.3333333333333333 1
vt 0 1
vn -0.9238795325112866 -0.3826834323650899 -1.490116144413452e-8
vn 1.3766878048100568e-8 5.7024275840384915e-9 -1
vn 0.9238795325112866 0.3826834323650899 1.490116144413452e-8
vn -1.3766878048100568e-8 -5.7024275840384915e-9 1
vn -0.3826834323650899 0.9238795325112866 -2.894945614707467e-17
vn 0.3826834323650899 -0.9238795325112866 2.894945614707467e-17
usemtl m_fac4a3ee-1cbf-cad2-dc08-59a1570189f0
f 12/28/7 15/27/7 13/26/7 10/25/7
f 11/32/8 12/31/8 10/30/8 9/29/8
f 16/36/9 11/35/9 9/34/9 14/33/9
f 15/40/10 16/39/10 14/38/10 13/37/10
f 14/44/11 9/43/11 10/42/11 13/41/11
f 15/48/12 12/47/12 11/46/12 16/45/12
o cube
v -0.10292319209404788 0.12331339153429455 2.7052637907587496e-9
v -0.10292319209404788 0.12331339153429455 2.7052637907587496e-9
v 0.5433827305417511 -1.019028459386821 2.7052637907587496e-9
v 0.5433827305417511 -1.019028459386821 2.7052637907587496e-9
v -0.10292322877679794 0.123313370780193 1.0000000027052627
v -0.10292322877679794 0.123313370780193 1.0000000027052627
v 0.543382693859001 -1.0190284801409224 1.0000000027052627
v 0.543382693859001 -1.0190284801409224 1.0000000027052627
vt 0.28125 0.03125
vt 0.28125 0.53125
vt 0.6093749999999991 0.53125
vt 0.6093749999999991 0.03125
vt 0.34375 0.84375
vt 0.34375 0.84375
vt 0.34375 0.3125000000000018
vt 0.34375 0.3125000000000018
vt 0.015625 0.5
vt 0.015625 1
vt 0.3437499999999991 1
vt 0.3437499999999991 0.5
vt 0.34375 0.84375
vt 0.34375 0.84375
vt 0.34375 0.3125000000000018
vt 0.34375 0.3125000000000018
vt 0 1
vt 0.3333333333333333 1
vt 0.3333333333333333 1
vt 0 1
vt 0 1
vt 0.3333333333333333 1
vt 0.3333333333333333 1
vt 0 1
vn -0.8703556959398988 -0.4924235601034666 -4.214684901880232e-8
vn 3.668275010249201e-8 2.0754101437054612e-8 -0.9999999999999991
vn 0.8703556959398988 0.4924235601034666 4.214684901880232e-8
vn -3.668275010249201e-8 -2.0754101437054612e-8 0.9999999999999991
vn -0.4924235601034672 0.8703556959398998 -3.814252558084916e-17
vn 0.4924235601034672 -0.8703556959398998 3.814252558084916e-17
usemtl m_fac4a3ee-1cbf-cad2-dc08-59a1570189f0
f 20/52/13 23/51/13 21/50/13 18/49/13
f 19/56/14 20/55/14 18/54/14 17/53/14
f 24/60/15 19/59/15 17/58/15 22/57/15
f 23/64/16 24/63/16 22/62/16 21/61/16
f 22/68/17 17/67/17 18/66/17 21/65/17
f 23/72/18 20/71/18 19/70/18 24/69/18