# Made in Blockbench 4.8.3
mtllib red_cloth_vert.mtl

o cube
v 0.4178509887518318 0.1869348815642281 1.4375
v 0.4178509887518318 0.1869348815642281 -0.4375
v 0.46964901124816816 -0.9994348815642281 1.4375
v 0.46964901124816816 -0.9994348815642281 -0.4375
v 0.4178509887518318 0.1869348815642281 -0.4375
v 0.4178509887518318 0.1869348815642281 1.4375
v 0.46964901124816816 -0.9994348815642281 -0.4375
v 0.46964901124816816 -0.9994348815642281 1.4375
vt 0 1
vt 0 1
vt 0 0.40625
vt 0 0.40625
vt 0.109375 0
vt 0.109375 0.9375
vt 0.40625 0.9375
vt 0.40625 0
vt 0 1
vt 0 1
vt 0 0.40625
vt 0 0.40625
vt 0.703125 0
vt 0.703125 0.9375
vt 1 0.9375
vt 1 0
vt 0 1
vt 0 1
vt 0 0.0625
vt 0 0.0625
vt 0 1
vt 0 1
vt 0 0.0625
vt 0 0.0625
vn 0 0 -1
vn 0.9990482215818578 0.043619387365336 0
vn 0 0 1
vn -0.9990482215818578 -0.043619387365336 0
vn -0.043619387365336 0.9990482215818578 0
vn 0.043619387365336 -0.9990482215818578 0
usemtl m_94fd5d90-8946-a259-7c93-a7817c78e7c1
f 4/4/1 7/3/1 5/2/1 2/1/1
f 3/8/2 4/7/2 2/6/2 1/5/2
f 8/12/3 3/11/3 1/10/3 6/9/3
f 7/16/4 8/15/4 6/14/4 5/13/4
f 6/20/5 1/19/5 2/18/5 5/17/5
f 7/24/6 4/23/6 3/22/6 8/21/6
o cube
v 0.21601805366831273 1.3532857716943634 1.4375
v 0.21601805366831273 1.3532857716943634 -0.4375
v 0.4222252646477924 0.18382656499236694 1.4375
v 0.4222252646477924 0.18382656499236694 -0.4375
v 0.21601805366831273 1.3532857716943634 -0.4375
v 0.21601805366831273 1.3532857716943634 1.4375
v 0.4222252646477924 0.18382656499236694 -0.4375
v 0.4222252646477924 0.18382656499236694 1.4375
vt 0 1
vt 0 1
vt 0 0.4062500000000002
vt 0 0.4062500000000002
vt 0.4375 0.0625
vt 0.4375 1
vt 0.7343749999999999 1
vt 0.7343749999999999 0.0625
vt 0 1
vt 0 1
vt 0 0.4062500000000002
vt 0 0.4062500000000002
vt 0.171875 0
vt 0.171875 0.9375
vt 0.4687499999999999 0.9375
vt 0.4687499999999999 0
vt 0 1
vt 0 1
vt 0 0.0625
vt 0 0.0625
vt 0 1
vt 0 1
vt 0 0.0625
vt 0 0.0625
vn 0 0 -1
vn 0.984807753012208 0.17364817766693033 0
vn 0 0 1
vn -0.984807753012208 -0.17364817766693033 0
vn -0.17364817766693033 0.984807753012208 0
vn 0.17364817766693033 -0.984807753012208 0
usemtl m_94fd5d90-8946-a259-7c93-a7817c78e7c1
f 12/28/7 15/27/7 13/26/7 10/25/7
f 11/32/8 12/31/8 10/30/8 9/29/8
f 16/36/9 11/35/9 9/34/9 14/33/9
f 15/40/10 16/39/10 14/38/10 13/37/10
f 14/44/11 9/43/11 10/42/11 13/41/11
f 15/48/12 12/47/12 11/46/12 16/45/12
o cube
v -0.4855632575634342 2.1200014683589727 1.4375
v -0.4855632575634342 2.1200014683589727 -0.4375
v 0.2322513380282064 1.3366442979982138 1.4375
v 0.2322513380282064 1.3366442979982138 -0.4375
v -0.4855632575634342 2.1200014683589727 -0.4375
v -0.4855632575634342 2.1200014683589727 1.4375
v 0.2322513380282064 1.3366442979982138 -0.4375
v 0.2322513380282064 1.3366442979982138 1.4375
vt 0 1
vt 0 1
vt 0 0.40624999999999867
vt 0 0.40624999999999867
vt 0.4375 0.0625
vt 0.4375 1
vt 0.7031250000000007 1
vt 0.7031250000000007 0.0625
vt 0 1
vt 0 1
vt 0 0.40624999999999867
vt 0 0.40624999999999867
vt 0.171875 0
vt 0.171875 0.9375
vt 0.43750000000000067 0.9375
vt 0.43750000000000067 0
vt 0 1
vt 0 1
vt 0 0.0625
vt 0 0.0625
vt 0 1
vt 0 1
vt 0 0.0625
vt 0 0.0625
vn 0 0 -1
vn 0.7372773368101242 0.6755902076156601 0
vn 0 0 1
vn -0.7372773368101242 -0.6755902076156601 0
vn -0.6755902076156601 0.7372773368101242 0
vn 0.6755902076156601 -0.7372773368101242 0
usemtl m_94fd5d90-8946-a259-7c93-a7817c78e7c1
f 20/52/13 23/51/13 21/50/13 18/49/13
f 19/56/14 20/55/14 18/54/14 17/53/14
f 24/60/15 19/59/15 17/58/15 22/57/15
f 23/64/16 24/63/16 22/62/16 21/61/16
f 22/68/17 17/67/17 18/66/17 21/65/17
f 23/72/18 20/71/18 19/70/18 24/69/18