# Made in Blockbench 4.12.6
mtllib skelehanging.mtl

o cube
v 0.20399272276132846 1.2318972265931165 0.804840018616345
v 0.3056860767930217 1.498136492226611 0.3940175324003124
v 0.2410060766515597 0.809324139409592 0.5401477489483738
v 0.3426994306832529 1.0755634050430865 0.12932526273234118
v -0.18246192676694495 1.5215595454674484 0.28836296696513736
v -0.28415528079863817 1.255320279833954 0.69918545318117
v -0.1454485728767137 1.098986458283924 0.023670697297166143
v -0.24714192690840692 0.8327471926504295 0.43449318351319877
vt 0.140625 0.859375
vt 0.265625 0.859375
vt 0.265625 0.734375
vt 0.140625 0.734375
vt 0.125 1
vt 0 1
vt 0 0.875
vt 0.125 0.875
vt 0.140625 1
vt 0.265625 1
vt 0.265625 0.875
vt 0.140625 0.875
vt 0 1
vt 0.125 1
vt 0.125 0.875
vt 0 0.875
vt 0 0.859375
vt 0.125 0.859375
vt 0.125 0.734375
vt 0 0.734375
vt 0 0.65625
vt 0.125 0.65625
vt 0.125 0.53125
vt 0 0.53125
vn 0.2033867080633865 0.5324785312669889 -0.8216449724320654
vn 0.9762960071199333 -0.04684610648167498 0.21130913087035008
vn -0.2033867080633865 -0.5324785312669889 0.8216449724320654
vn -0.9762960071199333 0.04684610648167498 -0.21130913087035008
vn -0.07402670778046253 0.8451461743670488 0.5293845393359425
vn 0.07402670778046253 -0.8451461743670488 -0.5293845393359425
usemtl m_c8e1d80b-5cb8-ca0b-ea78-34ad5285c6ee
f 4/4/1 7/3/1 5/2/1 2/1/1
f 3/8/2 4/7/2 2/6/2 1/5/2
f 8/12/3 3/11/3 1/10/3 6/9/3
f 7/16/4 8/15/4 6/14/4 5/13/4
f 6/20/5 1/19/5 2/18/5 5/17/5
f 7/24/6 4/23/6 3/22/6 8/21/6
o cube
v -0.24588877112351615 0.825879083233328 0.1786972764780846
v -0.22684678525228769 0.8192097049589105 0.30205821911193714
v -0.1904780568488695 1.3224623897316805 0.19699133154350612
v -0.17143607097764105 1.3157930114572631 0.3203522741773587
v -0.3496087747708406 0.832184030572615 0.32170919375230284
v -0.3686507606420691 0.8388534088470325 0.19834825111845028
v -0.294198060496194 1.3287673370709676 0.34000324881772437
v -0.3132400463674225 1.3354367153453852 0.2166423061838718
vt 0.0625 0.859375
vt 0.09375 0.859375
vt 0.09375 0.734375
vt 0.0625 0.734375
vt 0.0625 0.859375
vt 0.09375 0.859375
vt 0.09375 0.734375
vt 0.0625 0.734375
vt 0.0625 0.859375
vt 0.09375 0.859375
vt 0.09375 0.734375
vt 0.0625 0.734375
vt 0.0625 0.859375
vt 0.09375 0.859375
vt 0.09375 0.734375
vt 0.0625 0.734375
vt 0.0625 0.859375
vt 0.09375 0.859375
vt 0.09375 0.828125
vt 0.0625 0.828125
vt 0.0625 0.859375
vt 0.09375 0.859375
vt 0.09375 0.828125
vt 0.0625 0.828125
vn 0.1523358869698278 -0.05335502619533975 0.9868875410708207
vn 0.9820959161484228 -0.10379460490963598 -0.1572077971229253
vn -0.1523358869698278 0.05335502619533975 -0.9868875410708207
vn -0.9820959161484228 0.10379460490963598 0.1572077971229253
vn -0.1108214285492933 -0.9931666129967054 -0.03658811013084304
vn 0.1108214285492933 0.9931666129967054 0.03658811013084304
usemtl m_c8e1d80b-5cb8-ca0b-ea78-34ad5285c6ee
f 12/28/7 15/27/7 13/26/7 10/25/7
f 11/32/8 12/31/8 10/30/8 9/29/8
f 16/36/9 11/35/9 9/34/9 14/33/9
f 15/40/10 16/39/10 14/38/10 13/37/10
f 14/44/11 9/43/11 10/42/11 13/41/11
f 15/48/12 12/47/12 11/46/12 16/45/12
o cube
v -0.21138741353432933 1.2159103019373507 0.20355392762886043
v -0.18153690533378997 1.2506878808849329 0.319848670256007
v 0.01708073665288276 1.553201592493306 0.04404486937469246
v 0.046931244853422094 1.587979171440888 0.160339612001839
v -0.2838741457723538 1.3223017578586436 0.32470066409501785
v -0.3137246539728932 1.2875241789110616 0.2084059214678713
v -0.0554059955851417 1.6595930484145989 0.16519160584084985
v -0.08525650378568106 1.6248154694670167 0.04889686321370332
vt 0.859375 0.125
vt 0.890625 0.125
vt 0.890625 0.015625
vt 0.859375 0.015625
vt 0.859375 0.125
vt 0.890625 0.125
vt 0.890625 0.015625
vt 0.859375 0.015625
vt 0.90625 0.125
vt 0.9375 0.125
vt 0.9375 0.015625
vt 0.90625 0.015625
vt 0.890625 0.125
vt 0.921875 0.125
vt 0.921875 0.015625
vt 0.890625 0.015625
vt 0.015625 0.859375
vt 0.046875 0.859375
vt 0.046875 0.828125
vt 0.015625 0.828125
vt 0.015625 0.859375
vt 0.046875 0.859375
vt 0.046875 0.828125
vt 0.015625 0.828125
vn 0.2388040656043148 0.27822063158065574 0.9303579410171717
vn 0.818697923508511 -0.5729110157896857 -0.03881595071208692
vn -0.2388040656043148 -0.27822063158065574 -0.9303579410171717
vn -0.818697923508511 0.5729110157896857 0.03881595071208692
vn -0.5222129147136282 -0.7709515212707548 0.36459213315238403
vn 0.5222129147136282 0.7709515212707548 -0.36459213315238403
usemtl m_c8e1d80b-5cb8-ca0b-ea78-34ad5285c6ee
f 20/52/13 23/51/13 21/50/13 18/49/13
f 19/56/14 20/55/14 18/54/14 17/53/14
f 24/60/15 19/59/15 17/58/15 22/57/15
f 23/64/16 24/63/16 22/62/16 21/61/16
f 22/68/17 17/67/17 18/66/17 21/65/17
f 23/72/18 20/71/18 19/70/18 24/69/18
o cube
v 0.3125 0.0625 0.4375
v 0.3125 0.0625 0.125
v 0.3125 -0.0625 0.4375
v 0.3125 -0.0625 0.125
v -0.25 0.0625 0.125
v -0.25 0.0625 0.4375
v -0.25 -0.0625 0.125
v -0.25 -0.0625 0.4375
vt 0.84375 0.09375
vt 0.84375 0.25
vt 0.890625 0.25
vt 0.890625 0.09375
vt 0.875 0.125
vt 0.875 0.21875
vt 0.921875 0.21875
vt 0.921875 0.125
vt 0.84375 0.125
vt 0.84375 0.28125
vt 0.890625 0.28125
vt 0.890625 0.125
vt 0.875 0.15625
vt 0.875 0.25
vt 0.921875 0.25
vt 0.921875 0.15625
vt 0.75 0.109375
vt 0.75 0.265625
vt 0.84375 0.265625
vt 0.84375 0.109375
vt 0.75 0.09375
vt 0.75 0.25
vt 0.84375 0.25
vt 0.84375 0.09375
vn 0 0 -1
vn 1 0 0
vn 0 0 1
vn -1 0 0
vn 0 1 0
vn 0 -1 0
usemtl m_c8e1d80b-5cb8-ca0b-ea78-34ad5285c6ee
f 28/76/19 31/75/19 29/74/19 26/73/19
f 27/80/20 28/79/20 26/78/20 25/77/20
f 32/84/21 27/83/21 25/82/21 30/81/21
f 31/88/22 32/87/22 30/86/22 29/85/22
f 30/92/23 25/91/23 26/90/23 29/89/23
f 31/96/24 28/95/24 27/94/24 32/93/24
o cube
v 0.37571727209348604 1.3203749035874 0.08145631852966878
v 0.39174225501682763 1.3608736171759026 0.1986230976096751
v 0.18802057863356955 1.7011050638786127 -0.02447170566053969
v 0.20404556155691111 1.7416037774671156 0.09269507341946664
v 0.2799733972051448 1.3144865949178128 0.22994348377426924
v 0.26394841428180327 1.27398788132931 0.11277670469426292
v 0.09227670374522828 1.6952167552090258 0.1240154595840608
v 0.07625172082188672 1.654718041620523 0.006848680504054461
vt 0.921875 0.125
vt 0.890625 0.125
vt 0.890625 0.015625
vt 0.921875 0.015625
vt 0.921875 0.125
vt 0.890625 0.125
vt 0.890625 0.015625
vt 0.921875 0.015625
vt 0.921875 0.125
vt 0.890625 0.125
vt 0.890625 0.015625
vt 0.921875 0.015625
vt 0.921875 0.125
vt 0.890625 0.125
vt 0.890625 0.015625
vt 0.921875 0.015625
vt 0.890625 0.234375
vt 0.859375 0.234375
vt 0.859375 0.203125
vt 0.890625 0.203125
vt 0.875 0.21875
vt 0.84375 0.21875
vt 0.84375 0.1875
vt 0.875 0.1875
vn 0.12819986338673253 0.32398970870802185 0.9373342326400518
vn 0.8941508624934627 0.3710961780647191 -0.2505630893167531
vn -0.12819986338673253 -0.32398970870802185 -0.9373342326400518
vn -0.8941508624934627 -0.3710961780647191 0.2505630893167531
vn 0.42902101362266637 -0.8702403663799154 0.2421211981490478
vn -0.42902101362266637 0.8702403663799154 -0.2421211981490478
usemtl m_c8e1d80b-5cb8-ca0b-ea78-34ad5285c6ee
f 36/100/25 39/99/25 37/98/25 34/97/25
f 35/104/26 36/103/26 34/102/26 33/101/26
f 40/108/27 35/107/27 33/106/27 38/105/27
f 39/112/28 40/111/28 38/110/28 37/109/28
f 38/116/29 33/115/29 34/114/29 37/113/29
f 39/120/30 36/119/30 35/118/30 40/117/30
o cube
v 0.3521454669272794 0.8667745055611975 0.1735811474614463
v 0.36270972245810496 0.8900516108503467 0.2959395263099636
v 0.39309935879280644 1.3556538559392206 0.07704224589824982
v 0.40366361432363207 1.3789309612283698 0.19940062474676715
v 0.23857846057619178 0.9021134377323111 0.3043622429663299
v 0.2280142050453662 0.878836332443162 0.1820038641178126
v 0.27953235244171887 1.3909927881103343 0.20782334140313347
v 0.26896809691089324 1.3677156828211852 0.08546496255461611
vt 0.03125 0.859375
vt 0 0.859375
vt 0 0.734375
vt 0.03125 0.734375
vt 0.03125 0.859375
vt 0 0.859375
vt 0 0.734375
vt 0.03125 0.734375
vt 0.03125 0.859375
vt 0 0.859375
vt 0 0.734375
vt 0.03125 0.734375
vt 0.03125 0.859375
vt 0 0.859375
vt 0 0.734375
vt 0.03125 0.734375
vt 0.03125 0.859375
vt 0 0.859375
vt 0 0.828125
vt 0.03125 0.828125
vt 0.03125 0.859375
vt 0 0.859375
vt 0 0.828125
vt 0.03125 0.828125
vn 0.08451404424660464 0.18621684231319324 0.9788670307881384
vn 0.9930500950553048 -0.09649461505571517 -0.06738173325093037
vn -0.08451404424660464 -0.18621684231319324 -0.9788670307881384
vn -0.9930500950553048 0.09649461505571517 0.06738173325093037
vn -0.08190778373105412 -0.9777587007560469 0.193077803126393
vn 0.08190778373105412 0.9777587007560469 -0.193077803126393
usemtl m_c8e1d80b-5cb8-ca0b-ea78-34ad5285c6ee
f 44/124/31 47/123/31 45/122/31 42/121/31
f 43/128/32 44/127/32 42/126/32 41/125/32
f 48/132/33 43/131/33 41/130/33 46/129/33
f 47/136/34 48/135/34 46/134/34 45/133/34
f 46/140/35 41/139/35 42/138/35 45/137/35
f 47/144/36 44/143/36 43/142/36 48/141/36
o cube
v -0.06231180304725298 -0.04453024377914983 0.38009002555250826
v -0.015326521874710466 -0.03283840478914616 0.23153112560313163
v -0.06231180304725298 -0.5429889106457138 0.34086047768858574
v -0.015326521874710453 -0.5312970716557102 0.19230157773920914
v -0.16434479542912098 -0.029151982115829932 0.18469068437189914
v -0.21133007660166347 -0.0408438211058336 0.3332495843212757
v -0.16434479542912098 -0.527610648982394 0.14546113650797665
v -0.21133007660166347 -0.5393024879723975 0.29402003645735325
vt 0.796875 0.359375
vt 0.828125 0.359375
vt 0.828125 0.234375
vt 0.796875 0.234375
vt 0.796875 0.359375
vt 0.828125 0.359375
vt 0.828125 0.234375
vt 0.796875 0.234375
vt 0.796875 0.359375
vt 0.828125 0.359375
vt 0.828125 0.234375
vt 0.796875 0.234375
vt 0.796875 0.359375
vt 0.828125 0.359375
vt 0.828125 0.234375
vt 0.796875 0.234375
vt 0.796875 0.359375
vt 0.828125 0.359375
vt 0.828125 0.3203125
vt 0.796875 0.3203125
vt 0.796875 0.359375
vt 0.828125 0.359375
vt 0.828125 0.3203125
vt 0.796875 0.3203125
vn 0.3007057995042725 0.07482776953602362 -0.9507769596760115
vn 0.953716950748227 -0.023593105109223852 0.2997788238798879
vn -0.3007057995042725 -0.07482776953602362 0.9507769596760115
vn -0.953716950748227 0.023593105109223852 -0.2997788238798879
vn -3.469446951953614e-17 0.996917333733128 0.07845909572784501
vn 3.469446951953614e-17 -0.996917333733128 -0.07845909572784501
usemtl m_c8e1d80b-5cb8-ca0b-ea78-34ad5285c6ee
f 52/148/37 55/147/37 53/146/37 50/145/37
f 51/152/38 52/151/38 50/150/38 49/149/38
f 56/156/39 51/155/39 49/154/39 54/153/39
f 55/160/40 56/159/40 54/158/40 53/157/40
f 54/164/41 49/163/41 50/162/41 53/161/41
f 55/168/42 52/167/42 51/166/42 56/165/42
o cube
v -0.058028470581457714 -0.5286750245419711 0.34035449173585286
v -0.018700673522045977 -0.4834280443130451 0.19606278144514733
v -0.029553937451734236 -0.9474022140178795 0.21681101049685353
v 0.009773859607677488 -0.9021552337889535 0.07251930020614794
v -0.1695780032768639 -0.48171363546010004 0.15547762814568478
v -0.20890580033627565 -0.5269606156890261 0.29976933843639036
v -0.14110347014714045 -0.9004408249360084 0.03193414690668539
v -0.18043126720655217 -0.9456878051649344 0.17622585719739098
vt 0.875 0.125
vt 0.90625 0.125
vt 0.90625 0.015625
vt 0.875 0.015625
vt 0.875 0.125
vt 0.90625 0.125
vt 0.90625 0.015625
vt 0.875 0.015625
vt 0.875 0.125
vt 0.90625 0.125
vt 0.90625 0.015625
vt 0.875 0.015625
vt 0.875 0.125
vt 0.90625 0.125
vt 0.90625 0.015625
vt 0.875 0.015625
vt 0.875 0.125
vt 0.90625 0.125
vt 0.90625 0.0859375
vt 0.875 0.0859375
vt 0.875 0.125
vt 0.90625 0.125
vt 0.90625 0.0859375
vt 0.875 0.0859375
vn 0.2516979011802351 0.2895806734651264 -0.9234669458605158
vn 0.9656149104308349 -0.010972216658848207 0.2597449811165603
vn -0.2516979011802351 -0.2895806734651264 0.9234669458605158
vn -0.9656149104308349 0.010972216658848207 -0.2597449811165603
vn -0.06508464715365363 0.9570907188020763 0.28238509997485567
vn 0.06508464715365363 -0.9570907188020763 -0.28238509997485567
usemtl m_c8e1d80b-5cb8-ca0b-ea78-34ad5285c6ee
f 60/172/43 63/171/43 61/170/43 58/169/43
f 59/176/44 60/175/44 58/174/44 57/173/44
f 64/180/45 59/179/45 57/178/45 62/177/45
f 63/184/46 64/183/46 62/182/46 61/181/46
f 62/188/47 57/187/47 58/186/47 61/185/47
f 63/192/48 60/191/48 59/190/48 64/189/48
o cube
v 0.24688360192173517 -0.042705886969341106 0.3800862007458418
v 0.2897774772390862 -0.03346636997072241 0.2301235077655816
v 0.16080230520433275 -0.5321843841761046 0.325306540947163
v 0.20369618052168378 -0.5229448671774859 0.17534384796690275
v 0.14195817484919526 -0.0029489800341105446 0.18972294771472625
v 0.09906429953184426 -0.012188497032729242 0.33968564069498647
v 0.05587687813179287 -0.492427477240874 0.1349432879160474
v 0.012983002814441855 -0.5016669942394927 0.28490598089630764
vt 0.78125 0.40625
vt 0.8125 0.40625
vt 0.8125 0.28125
vt 0.78125 0.28125
vt 0.78125 0.40625
vt 0.8125 0.40625
vt 0.8125 0.28125
vt 0.78125 0.28125
vt 0.78125 0.40625
vt 0.8125 0.40625
vt 0.8125 0.28125
vt 0.78125 0.28125
vt 0.78125 0.40625
vt 0.8125 0.40625
vt 0.8125 0.28125
vt 0.78125 0.28125
vt 0.78125 0.390625
vt 0.8125 0.390625
vt 0.8125 0.3515625
vt 0.78125 0.3515625
vt 0.78125 0.390625
vt 0.8125 0.390625
vt 0.8125 0.3515625
vt 0.78125 0.3515625
vn 0.27452080203104645 0.05913290879115967 -0.9597612350736654
vn 0.9460435352953019 -0.19531129559431593 0.25856358432547427
vn -0.27452080203104645 -0.05913290879115967 0.9597612350736654
vn -0.9460435352953019 0.19531129559431593 -0.25856358432547427
vn 0.1721625934348048 0.9789569944135269 0.10955931959735772
vn -0.1721625934348048 -0.9789569944135269 -0.10955931959735772
usemtl m_c8e1d80b-5cb8-ca0b-ea78-34ad5285c6ee
f 68/196/49 71/195/49 69/194/49 66/193/49
f 67/200/50 68/199/50 66/198/50 65/197/50
f 72/204/51 67/203/51 65/202/51 70/201/51
f 71/208/52 72/207/52 70/206/52 69/205/52
f 70/212/53 65/211/53 66/210/53 69/209/53
f 71/216/54 68/215/54 67/214/54 72/213/54
o cube
v 0.15181928990683957 -0.5096292822805835 0.3190547522660763
v 0.19462851355846103 -0.4883423594730584 0.17029891275806924
v 0.0374733489535843 -0.9218036594132369 0.2271660226915324
v 0.08028257260520574 -0.9005167366057119 0.07841018318352533
v 0.05001280204442074 -0.4404719329216195 0.1355313884707235
v 0.007203578392799295 -0.46175885572914455 0.2842872279787306
v -0.06433313890883455 -0.852646310054273 0.043642658896179576
v -0.107142362560456 -0.8739332328617981 0.19239849840418666
vt 0.859375 0.125
vt 0.890625 0.125
vt 0.890625 0.015625
vt 0.859375 0.015625
vt 0.859375 0.125
vt 0.890625 0.125
vt 0.890625 0.015625
vt 0.859375 0.015625
vt 0.921875 0.125
vt 0.953125 0.125
vt 0.953125 0.015625
vt 0.921875 0.015625
vt 0.875 0.125
vt 0.90625 0.125
vt 0.90625 0.015625
vt 0.875 0.015625
vt 0.828125 0.375
vt 0.859375 0.375
vt 0.859375 0.3515625
vt 0.828125 0.3515625
vt 0.828125 0.375
vt 0.859375 0.375
vt 0.859375 0.3515625
vt 0.828125 0.3515625
vn 0.2739790313703771 0.13623630596816017 -0.9520373728512448
vn 0.9255405536898578 -0.3063707299292086 0.22251215543901273
vn -0.2739790313703771 -0.13623630596816017 0.9520373728512448
vn -0.9255405536898578 0.3063707299292086 -0.22251215543901273
vn 0.26136215075029784 0.9421128620174942 0.2100313818846718
vn -0.26136215075029784 -0.9421128620174942 -0.2100313818846718
usemtl m_c8e1d80b-5cb8-ca0b-ea78-34ad5285c6ee
f 76/220/55 79/219/55 77/218/55 74/217/55
f 75/224/56 76/223/56 74/222/56 73/221/56
f 80/228/57 75/227/57 73/226/57 78/225/57
f 79/232/58 80/231/58 78/230/58 77/229/58
f 78/236/59 73/235/59 74/234/59 77/233/59
f 79/240/60 76/239/60 75/238/60 80/237/60
o cube
v 0.09375 1.0040301065583872 0.29290092152116814
v 0.09375 0.9977829544071706 0.16284253786427352
v 0.09375 0.003932289643193254 0.3148673733111332
v 0.09375 -0.0023148625080233742 0.18480898965423853
v -0.03125 1.0040301065583872 0.29290092152116814
v -0.03125 0.9977829544071706 0.16284253786427352
v -0.03125 0.003932289643193254 0.3148673733111332
v -0.03125 -0.0023148625080233742 0.18480898965423853
v 0.09375 0.8092494515109989 0.1458267602306466
v 0.09375 0.8154966036622157 0.2758851438875412
v -0.03125 0.8154966036622157 0.2758851438875412
v -0.03125 0.8092494515109989 0.1458267602306466
vt 0.921875 0.3125
vt 0.9283859375 0.265625
vt 0.9609375 0.265625
vt 0.9544265625 0.3125
vt 0.9283859375 0.3125
vt 0.921875 0.265625
vt 0.9544265625 0.265625
vt 0.9609375 0.3125
vt 0.953125 0.35807343749999987
vt 0.953125 0.3906249999999999
vt 0.921875 0.3906249999999999
vt 0.921875 0.35807343749999987
vt 0.953125 0.35807343749999987
vt 0.953125 0.3906249999999999
vt 0.921875 0.3906249999999999
vt 0.921875 0.35807343749999987
vt 0.921875 0.34375000000000044
vt 0.921875 0.2964250000000005
vt 0.953125 0.2964250000000005
vt 0.953125 0.34375000000000044
vt 0.921875 0.3437500000000008
vt 0.921875 0.2964250000000008
vt 0.953125 0.2964250000000008
vt 0.953125 0.3437500000000008
vt 0.9544265625000001 0.15625
vt 0.9544265625000001 0.359375
vt 0.9218750000000001 0.359375
vt 0.9218750000000001 0.15625
vt 0.953125 0.15625
vt 0.953125 0.359375
vt 0.921875 0.359375
vt 0.921875 0.15625
vt 0.9544265625 0.15625
vt 0.9544265625 0.359375
vt 0.921875 0.359375
vt 0.921875 0.15625
vt 0.953125 0.15625
vt 0.953125 0.359375
vt 0.921875 0.359375
vt 0.921875 0.15625
vn 1 0 0
vn -1 0 0
vn 0 0.9988483864849507 -0.04797812852134394
vn 0 -0.9988483864849507 0.04797812852134394
vn 0 -0.08988798009716414 0.9959518818868972
vn 0 0.0898879800971642 -0.9959518818868972
vn 1 0 0
vn 0 0.04797812852134394 0.9988483864849507
vn -1 0 0
vn 0 -0.04797812852134394 -0.9988483864849507
usemtl m_c8e1d80b-5cb8-ca0b-ea78-34ad5285c6ee
f 81/241/61 90/242/61 89/243/61 82/244/61
f 86/245/62 92/246/62 91/247/62 85/248/62
f 81/249/63 82/250/63 86/251/63 85/252/63
f 84/253/64 83/254/64 87/255/64 88/256/64
f 85/257/65 91/258/65 90/259/65 81/260/65
f 82/261/66 89/262/66 92/263/66 86/264/66
f 84/265/67 89/266/67 90/267/67 83/268/67
f 83/269/68 90/270/68 91/271/68 87/272/68
f 87/273/69 91/274/69 92/275/69 88/276/69
f 88/277/70 92/278/70 89/279/70 84/280/70
o cube
v 0.3125 0.890625 0.3125
v 0.3125 0.890625 0.1875
v 0.3125 0.765625 0.3125
v 0.3125 0.765625 0.1875
v -0.3125 0.890625 0.1875
v -0.3125 0.890625 0.3125
v -0.3125 0.765625 0.1875
v -0.3125 0.765625 0.3125
vt 0.875 0.109375
vt 0.875 0.265625
vt 0.90625 0.265625
vt 0.90625 0.109375
vt 0.875 0.234375
vt 0.875 0.265625
vt 0.90625 0.265625
vt 0.90625 0.234375
vt 0.875 0.109375
vt 0.875 0.265625
vt 0.90625 0.265625
vt 0.90625 0.109375
vt 0.875 0.234375
vt 0.875 0.265625
vt 0.90625 0.265625
vt 0.90625 0.234375
vt 0.875 0.109375
vt 0.875 0.265625
vt 0.90625 0.265625
vt 0.90625 0.109375
vt 0.875 0.109375
vt 0.875 0.265625
vt 0.90625 0.265625
vt 0.90625 0.109375
vn 0 0 -1
vn 1 0 0
vn 0 0 1
vn -1 0 0
vn 0 1 0
vn 0 -1 0
usemtl m_c8e1d80b-5cb8-ca0b-ea78-34ad5285c6ee
f 96/284/71 99/283/71 97/282/71 94/281/71
f 95/288/72 96/287/72 94/286/72 93/285/72
f 100/292/73 95/291/73 93/290/73 98/289/73
f 99/296/74 100/295/74 98/294/74 97/293/74
f 98/300/75 93/299/75 94/298/75 97/297/75
f 99/304/76 96/303/76 95/302/76 100/301/76
o cube
v 0.07812499999999932 0.86577690237689 0.35246087103060336
v -0.015624999999999315 0.86577690237689 0.35246087103060336
v 0.07812499999999932 0.8327598506783983 0.28165557516836603
v -0.015624999999999311 0.8327598506783984 0.28165557516836603
v 0.078125 0.4484620589856848 0.500773406126648
v -0.01562500000000001 0.4484620589856848 0.500773406126648
v 0.07812500000000001 0.42496941839941343 0.4262642693494428
v -0.015625000000000007 0.42496941839941343 0.4262642693494428
v -0.015625000000000014 0.7605941904462685 0.4515083258478857
v 0.078125 0.7605941904462685 0.4515083258478857
v 0.07812500000000001 0.7371015498599972 0.3769991890706805
v -0.015625000000000007 0.7371015498599972 0.3769991890706805
vt 0.90625 0.203125
vt 0.875 0.203125
vt 0.875 0.171875
vt 0.90625 0.171875
vt 0.90625 0.203125
vt 0.875 0.203125
vt 0.875 0.171875
vt 0.90625 0.171875
vt 0.90625 0.0625
vt 0.90625 0.140625
vt 0.875 0.140625
vt 0.875 0.0625
vt 0.90625 0.0625
vt 0.90625 0.140625
vt 0.875 0.140625
vt 0.875 0.0625
vt 0.90625 0.0625
vt 0.90625 0.140625
vt 0.875 0.140625
vt 0.875 0.0625
vt 0.875 0.203125
vt 0.875 0.125
vt 0.90625 0.125
vt 0.90625 0.203125
vt 0.875 0.203125
vt 0.875 0.125
vt 0.90625 0.125
vt 0.90625 0.203125
vt 0.875 0.203125
vt 0.875 0.125
vt 0.90625 0.125
vt 0.90625 0.203125
vt 0.875 0.203125
vt 0.875 0.125
vt 0.90625 0.125
vt 0.90625 0.203125
vt 0.90625 0.0625
vt 0.90625 0.140625
vt 0.875 0.140625
vt 0.875 0.0625
vn 1.5093056588477428e-16 0.9063077870366503 -0.42261826174069916
vn -1.5882577765439668e-16 -0.953716950748227 0.3007057995042731
vn 2.5963246920200533e-17 0.15590409220685783 0.9877721974388405
vn -2.5963246920200533e-17 -0.15590409220685783 -0.9877721974388405
vn 1 1.669252511239801e-17 5.294192588479888e-17
vn -1 -1.669252511239801e-17 -5.294192588479888e-17
vn 1.1416790652637372e-16 0.6855553883864619 0.7280204732384161
vn 1 5.1034011427206265e-15 -1.550891140627364e-15
vn -1.1756276334979514e-16 -0.7059408229530444 -0.7082708200175825
vn -1 5.502630115854789e-15 -1.7931776700141053e-15
usemtl m_c8e1d80b-5cb8-ca0b-ea78-34ad5285c6ee
f 104/305/77 102/306/77 101/307/77 103/308/77
f 107/309/78 105/310/78 106/311/78 108/312/78
f 105/313/79 110/314/79 109/315/79 106/316/79
f 108/317/80 112/318/80 111/319/80 107/320/80
f 107/321/81 111/322/81 110/323/81 105/324/81
f 106/325/82 109/326/82 112/327/82 108/328/82
f 102/329/83 109/330/83 110/331/83 101/332/83
f 101/333/84 110/334/84 111/335/84 103/336/84
f 103/337/85 111/338/85 112/339/85 104/340/85
f 104/341/86 112/342/86 109/343/86 102/344/86
o cube
v 0.1875 0.703125 0.21875
v 0.1875 0.703125 0.15625
v 0.1875 0.640625 0.21875
v 0.1875 0.640625 0.15625
v -0.15625 0.703125 0.15625
v -0.15625 0.703125 0.21875
v -0.15625 0.640625 0.15625
v -0.15625 0.640625 0.21875
vt 0.78125 0.1796875
vt 0.78125 0.265625
vt 0.796875 0.265625
vt 0.796875 0.1796875
vt 0.78125 0.25
vt 0.78125 0.265625
vt 0.796875 0.265625
vt 0.796875 0.25
vt 0.78125 0.1796875
vt 0.78125 0.265625
vt 0.796875 0.265625
vt 0.796875 0.1796875
vt 0.78125 0.25
vt 0.78125 0.265625
vt 0.796875 0.265625
vt 0.796875 0.25
vt 0.78125 0.1796875
vt 0.78125 0.265625
vt 0.796875 0.265625
vt 0.796875 0.1796875
vt 0.78125 0.1796875
vt 0.78125 0.265625
vt 0.796875 0.265625
vt 0.796875 0.1796875
vn 0 0 -1
vn 1 0 0
vn 0 0 1
vn -1 0 0
vn 0 1 0
vn 0 -1 0
usemtl m_c8e1d80b-5cb8-ca0b-ea78-34ad5285c6ee
f 116/348/87 119/347/87 117/346/87 114/345/87
f 115/352/88 116/351/88 114/350/88 113/349/88
f 120/356/89 115/355/89 113/354/89 118/353/89
f 119/360/90 120/359/90 118/358/90 117/357/90
f 118/364/91 113/363/91 114/362/91 117/361/91
f 119/368/92 116/367/92 115/366/92 120/365/92
o cube
v 0.23144448171526008 0.703125 0.28879316117291687
v 0.2736688696912388 0.703125 0.24271332762228412
v 0.23144448171526008 0.640625 0.28879316117291687
v 0.2736688696912388 0.640625 0.24271332762228412
v 0.19302916097763148 0.703125 0.16882064866432128
v 0.15080477300165274 0.703125 0.21490048221495403
v 0.19302916097763148 0.640625 0.16882064866432128
v 0.15080477300165274 0.640625 0.21490048221495403
vt 0.78125 0.23828125
vt 0.78125 0.265625
vt 0.796875 0.265625
vt 0.796875 0.23828125
vt 0.78125 0.25
vt 0.78125 0.265625
vt 0.796875 0.265625
vt 0.796875 0.25
vt 0.78125 0.23828125
vt 0.78125 0.265625
vt 0.796875 0.265625
vt 0.796875 0.23828125
vt 0.78125 0.25
vt 0.78125 0.265625
vt 0.796875 0.265625
vt 0.796875 0.25
vt 0.78125 0.23828125
vt 0.78125 0.265625
vt 0.796875 0.265625
vt 0.796875 0.23828125
vt 0.78125 0.23828125
vt 0.78125 0.265625
vt 0.796875 0.265625
vt 0.796875 0.23828125
vn 0.6755902076156601 0 -0.7372773368101242
vn 0.7372773368101242 0 0.6755902076156601
vn -0.6755902076156601 0 0.7372773368101242
vn -0.7372773368101242 0 -0.6755902076156601
vn 0 1 0
vn 0 -1 0
usemtl m_c8e1d80b-5cb8-ca0b-ea78-34ad5285c6ee
f 124/372/93 127/371/93 125/370/93 122/369/93
f 123/376/94 124/375/94 122/374/94 121/373/94
f 128/380/95 123/379/95 121/378/95 126/377/95
f 127/384/96 128/383/96 126/382/96 125/381/96
f 126/388/97 121/387/97 122/386/97 125/385/97
f 127/392/98 124/391/98 123/390/98 128/389/98
o cube
v -0.1695423237893103 0.703125 0.2583210993170783
v -0.2318044924200444 0.703125 0.2528738653953496
v -0.1695423237893103 0.640625 0.2583210993170783
v -0.2318044924200444 0.640625 0.2528738653953496
v -0.23997534330263737 0.703125 0.3462671183414508
v -0.17771317467190328 0.703125 0.35171435226317943
v -0.23997534330263737 0.640625 0.3462671183414508
v -0.17771317467190328 0.640625 0.35171435226317943
vt 0.78125 0.265625
vt 0.78125 0.2421875
vt 0.796875 0.2421875
vt 0.796875 0.265625
vt 0.78125 0.265625
vt 0.78125 0.25
vt 0.796875 0.25
vt 0.796875 0.265625
vt 0.78125 0.265625
vt 0.78125 0.2421875
vt 0.796875 0.2421875
vt 0.796875 0.265625
vt 0.78125 0.265625
vt 0.78125 0.25
vt 0.796875 0.25
vt 0.796875 0.265625
vt 0.78125 0.265625
vt 0.78125 0.2421875
vt 0.796875 0.2421875
vt 0.796875 0.265625
vt 0.78125 0.265625
vt 0.78125 0.2421875
vt 0.796875 0.2421875
vt 0.796875 0.265625
vn -0.9961946980917457 0 -0.08715574274765849
vn 0.08715574274765849 0 -0.9961946980917457
vn 0.9961946980917457 0 0.08715574274765849
vn -0.08715574274765849 0 0.9961946980917457
vn 0 1 0
vn 0 -1 0
usemtl m_c8e1d80b-5cb8-ca0b-ea78-34ad5285c6ee
f 132/396/99 135/395/99 133/394/99 130/393/99
f 131/400/100 132/399/100 130/398/100 129/397/100
f 136/404/101 131/403/101 129/402/101 134/401/101
f 135/408/102 136/407/102 134/406/102 133/405/102
f 134/412/103 129/411/103 130/410/103 133/409/103
f 135/416/104 132/415/104 131/414/104 136/413/104
o cube
v -0.1866045713937267 0.703125 0.30964359548329734
v -0.2361891551619289 0.703125 0.34769118479634237
v -0.1866045713937267 0.640625 0.30964359548329734
v -0.2361891551619289 0.640625 0.34769118479634237
v -0.14107018187931636 0.703125 0.47165264421684794
v -0.09148559811111412 0.703125 0.4336050549038029
v -0.14107018187931636 0.640625 0.47165264421684794
v -0.09148559811111412 0.640625 0.4336050549038029
vt 0.78125 0.265625
vt 0.78125 0.2265625
vt 0.796875 0.2265625
vt 0.796875 0.265625
vt 0.78125 0.265625
vt 0.78125 0.25
vt 0.796875 0.25
vt 0.796875 0.265625
vt 0.78125 0.265625
vt 0.78125 0.2265625
vt 0.796875 0.2265625
vt 0.796875 0.265625
vt 0.78125 0.265625
vt 0.78125 0.25
vt 0.796875 0.25
vt 0.796875 0.265625
vt 0.78125 0.265625
vt 0.78125 0.2265625
vt 0.796875 0.2265625
vt 0.796875 0.265625
vt 0.78125 0.265625
vt 0.78125 0.2265625
vt 0.796875 0.2265625
vt 0.796875 0.265625
vn -0.7933533402912355 0 0.6087614290087204
vn -0.6087614290087204 0 -0.7933533402912355
vn 0.7933533402912355 0 -0.6087614290087204
vn 0.6087614290087204 0 0.7933533402912355
vn 0 1 0
vn 0 -1 0
usemtl m_c8e1d80b-5cb8-ca0b-ea78-34ad5285c6ee
f 140/420/105 143/419/105 141/418/105 138/417/105
f 139/424/106 140/423/106 138/422/106 137/421/106
f 144/428/107 139/427/107 137/426/107 142/425/107
f 143/432/108 144/431/108 142/430/108 141/429/108
f 142/436/109 137/435/109 138/434/109 141/433/109
f 143/440/110 140/439/110 139/438/110 144/437/110
o cube
v -0.10392977300165274 0.703125 0.21490048221495403
v -0.14615416097763148 0.703125 0.16882064866432128
v -0.10392977300165274 0.640625 0.21490048221495403
v -0.14615416097763148 0.640625 0.16882064866432128
v -0.22679386969123883 0.703125 0.24271332762228412
v -0.18456948171526008 0.703125 0.28879316117291687
v -0.22679386969123883 0.640625 0.24271332762228412
v -0.18456948171526008 0.640625 0.28879316117291687
vt 0.78125 0.265625
vt 0.78125 0.23828125
vt 0.796875 0.23828125
vt 0.796875 0.265625
vt 0.78125 0.265625
vt 0.78125 0.25
vt 0.796875 0.25
vt 0.796875 0.265625
vt 0.78125 0.265625
vt 0.78125 0.23828125
vt 0.796875 0.23828125
vt 0.796875 0.265625
vt 0.78125 0.265625
vt 0.78125 0.25
vt 0.796875 0.25
vt 0.796875 0.265625
vt 0.78125 0.265625
vt 0.78125 0.23828125
vt 0.796875 0.23828125
vt 0.796875 0.265625
vt 0.78125 0.265625
vt 0.78125 0.23828125
vt 0.796875 0.23828125
vt 0.796875 0.265625
vn -0.6755902076156601 0 -0.7372773368101242
vn 0.7372773368101242 0 -0.6755902076156601
vn 0.6755902076156601 0 0.7372773368101242
vn -0.7372773368101242 0 0.6755902076156601
vn 0 1 0
vn 0 -1 0
usemtl m_c8e1d80b-5cb8-ca0b-ea78-34ad5285c6ee
f 148/444/111 151/443/111 149/442/111 146/441/111
f 147/448/112 148/447/112 146/446/112 145/445/112
f 152/452/113 147/451/113 145/450/113 150/449/113
f 151/456/114 152/455/114 150/454/114 149/453/114
f 150/460/115 145/459/115 146/458/115 149/457/115
f 151/464/116 148/463/116 147/462/116 152/461/116
o cube
v 0.22458817467190328 0.703125 0.35171435226317943
v 0.28685034330263737 0.703125 0.3462671183414508
v 0.22458817467190328 0.640625 0.35171435226317943
v 0.28685034330263737 0.640625 0.3462671183414508
v 0.2786794924200444 0.703125 0.2528738653953496
v 0.2164173237893103 0.703125 0.2583210993170783
v 0.2786794924200444 0.640625 0.2528738653953496
v 0.2164173237893103 0.640625 0.2583210993170783
vt 0.78125 0.2421875
vt 0.78125 0.265625
vt 0.796875 0.265625
vt 0.796875 0.2421875
vt 0.78125 0.25
vt 0.78125 0.265625
vt 0.796875 0.265625
vt 0.796875 0.25
vt 0.78125 0.2421875
vt 0.78125 0.265625
vt 0.796875 0.265625
vt 0.796875 0.2421875
vt 0.78125 0.25
vt 0.78125 0.265625
vt 0.796875 0.265625
vt 0.796875 0.25
vt 0.78125 0.2421875
vt 0.78125 0.265625
vt 0.796875 0.265625
vt 0.796875 0.2421875
vt 0.78125 0.2421875
vt 0.78125 0.265625
vt 0.796875 0.265625
vt 0.796875 0.2421875
vn 0.9961946980917457 0 -0.08715574274765849
vn 0.08715574274765849 0 0.9961946980917457
vn -0.9961946980917457 0 0.08715574274765849
vn -0.08715574274765849 0 -0.9961946980917457
vn 0 1 0
vn 0 -1 0
usemtl m_c8e1d80b-5cb8-ca0b-ea78-34ad5285c6ee
f 156/468/117 159/467/117 157/466/117 154/465/117
f 155/472/118 156/471/118 154/470/118 153/469/118
f 160/476/119 155/475/119 153/474/119 158/473/119
f 159/480/120 160/479/120 158/478/120 157/477/120
f 158/484/121 153/483/121 154/482/121 157/481/121
f 159/488/122 156/487/122 155/486/122 160/485/122
o cube
v 0.13836059811111412 0.703125 0.4336050549038029
v 0.18794518187931636 0.703125 0.47165264421684794
v 0.13836059811111412 0.640625 0.4336050549038029
v 0.18794518187931636 0.640625 0.47165264421684794
v 0.2830641551619289 0.703125 0.34769118479634237
v 0.2334795713937267 0.703125 0.30964359548329734
v 0.2830641551619289 0.640625 0.34769118479634237
v 0.2334795713937267 0.640625 0.30964359548329734
vt 0.78125 0.2265625
vt 0.78125 0.265625
vt 0.796875 0.265625
vt 0.796875 0.2265625
vt 0.78125 0.25
vt 0.78125 0.265625
vt 0.796875 0.265625
vt 0.796875 0.25
vt 0.78125 0.2265625
vt 0.78125 0.265625
vt 0.796875 0.265625
vt 0.796875 0.2265625
vt 0.78125 0.25
vt 0.78125 0.265625
vt 0.796875 0.265625
vt 0.796875 0.25
vt 0.78125 0.2265625
vt 0.78125 0.265625
vt 0.796875 0.265625
vt 0.796875 0.2265625
vt 0.78125 0.2265625
vt 0.78125 0.265625
vt 0.796875 0.265625
vt 0.796875 0.2265625
vn 0.7933533402912355 0 0.6087614290087204
vn -0.6087614290087204 0 0.7933533402912355
vn -0.7933533402912355 0 -0.6087614290087204
vn 0.6087614290087204 0 -0.7933533402912355
vn 0 1 0
vn 0 -1 0
usemtl m_c8e1d80b-5cb8-ca0b-ea78-34ad5285c6ee
f 164/492/123 167/491/123 165/490/123 162/489/123
f 163/496/124 164/495/124 162/494/124 161/493/124
f 168/500/125 163/499/125 161/498/125 166/497/125
f 167/504/126 168/503/126 166/502/126 165/501/126
f 166/508/127 161/507/127 162/506/127 165/505/127
f 167/512/128 164/511/128 163/510/128 168/509/128
o cube
v -0.14188634213841256 0.7017321510692663 0.40933014027635134
v -0.14188634213841256 0.7044583627795998 0.47177065412521746
v -0.14188634213841256 0.6392916372204002 0.41205635198668483
v -0.14188634213841256 0.6420178489307338 0.47449686583555095
v 0.18623865786158744 0.7044583627795998 0.4717706541252174
v 0.18623865786158744 0.7017321510692662 0.4093301402763513
v 0.18623865786158744 0.6420178489307337 0.4744968658355509
v 0.18623865786158744 0.6392916372204002 0.4120563519866848
vt 0.78125 0.18359375
vt 0.78125 0.265625
vt 0.796875 0.265625
vt 0.796875 0.18359375
vt 0.78125 0.25
vt 0.78125 0.265625
vt 0.796875 0.265625
vt 0.796875 0.25
vt 0.78125 0.18359375
vt 0.78125 0.265625
vt 0.796875 0.265625
vt 0.796875 0.18359375
vt 0.78125 0.25
vt 0.78125 0.265625
vt 0.796875 0.265625
vt 0.796875 0.25
vt 0.78125 0.18359375
vt 0.78125 0.265625
vt 0.796875 0.265625
vt 0.796875 0.18359375
vt 0.78125 0.18359375
vt 0.78125 0.265625
vt 0.796875 0.265625
vt 0.796875 0.18359375
vn 1.2768995498718054e-16 0.043619387365336076 0.9990482215818578
vn -1 1.2246467991473527e-16 1.224646799147353e-16
vn -1.2768995498718054e-16 -0.043619387365336076 -0.9990482215818578
vn 1 -1.2246467991473527e-16 -1.224646799147353e-16
vn 1.1700628636363505e-16 0.9990482215818579 -0.043619387365336076
vn -1.1700628636363505e-16 -0.9990482215818579 0.043619387365336076
usemtl m_c8e1d80b-5cb8-ca0b-ea78-34ad5285c6ee
f 172/516/129 175/515/129 173/514/129 170/513/129
f 171/520/130 172/519/130 170/518/130 169/517/130
f 176/524/131 171/523/131 169/522/131 174/521/131
f 175/528/132 176/527/132 174/526/132 173/525/132
f 174/532/133 169/531/133 170/530/133 173/529/133
f 175/536/134 172/535/134 171/534/134 176/533/134
o cube
v 0.1875 0.578125 0.234375
v 0.1875 0.578125 0.171875
v 0.1875 0.515625 0.234375
v 0.1875 0.515625 0.171875
v -0.15625 0.578125 0.171875
v -0.15625 0.578125 0.234375
v -0.15625 0.515625 0.171875
v -0.15625 0.515625 0.234375
vt 0.78125 0.0859375
vt 0.78125 0.171875
vt 0.796875 0.171875
vt 0.796875 0.0859375
vt 0.78125 0.15625
vt 0.78125 0.171875
vt 0.796875 0.171875
vt 0.796875 0.15625
vt 0.78125 0.0859375
vt 0.78125 0.171875
vt 0.796875 0.171875
vt 0.796875 0.0859375
vt 0.78125 0.15625
vt 0.78125 0.171875
vt 0.796875 0.171875
vt 0.796875 0.15625
vt 0.78125 0.0859375
vt 0.78125 0.171875
vt 0.796875 0.171875
vt 0.796875 0.0859375
vt 0.78125 0.0859375
vt 0.78125 0.171875
vt 0.796875 0.171875
vt 0.796875 0.0859375
vn 0 0 -1
vn 1 0 0
vn 0 0 1
vn -1 0 0
vn 0 1 0
vn 0 -1 0
usemtl m_c8e1d80b-5cb8-ca0b-ea78-34ad5285c6ee
f 180/540/135 183/539/135 181/538/135 178/537/135
f 179/544/136 180/543/136 178/542/136 177/541/136
f 184/548/137 179/547/137 177/546/137 182/545/137
f 183/552/138 184/551/138 182/550/138 181/549/138
f 182/556/139 177/555/139 178/554/139 181/553/139
f 183/560/140 180/559/140 179/558/140 184/557/140
o cube
v 0.25653322126368794 0.578125 0.30296211065569223
v 0.294580810576733 0.578125 0.25337752688749
v 0.25653322126368794 0.515625 0.30296211065569223
v 0.294580810576733 0.515625 0.25337752688749
v 0.20780778898237914 0.578125 0.18679424558966118
v 0.1697601996693341 0.578125 0.23637882935786336
v 0.20780778898237914 0.515625 0.18679424558966118
v 0.1697601996693341 0.515625 0.23637882935786336
vt 0.78125 0.14453125
vt 0.78125 0.171875
vt 0.796875 0.171875
vt 0.796875 0.14453125
vt 0.78125 0.15625
vt 0.78125 0.171875
vt 0.796875 0.171875
vt 0.796875 0.15625
vt 0.78125 0.14453125
vt 0.78125 0.171875
vt 0.796875 0.171875
vt 0.796875 0.14453125
vt 0.78125 0.15625
vt 0.78125 0.171875
vt 0.796875 0.171875
vt 0.796875 0.15625
vt 0.78125 0.14453125
vt 0.78125 0.171875
vt 0.796875 0.171875
vt 0.796875 0.14453125
vt 0.78125 0.14453125
vt 0.78125 0.171875
vt 0.796875 0.171875
vt 0.796875 0.14453125
vn 0.6087614290087207 0 -0.7933533402912352
vn 0.7933533402912352 0 0.6087614290087207
vn -0.6087614290087207 0 0.7933533402912352
vn -0.7933533402912352 0 -0.6087614290087207
vn 0 1 0
vn 0 -1 0
usemtl m_c8e1d80b-5cb8-ca0b-ea78-34ad5285c6ee
f 188/564/141 191/563/141 189/562/141 186/561/141
f 187/568/142 188/567/142 186/566/142 185/565/142
f 192/572/143 187/571/143 185/570/143 190/569/143
f 191/576/144 192/575/144 190/574/144 189/573/144
f 190/580/145 185/579/145 186/578/145 189/577/145
f 191/584/146 188/583/146 187/582/146 192/581/146
o cube
v -0.1851673237893103 0.578125 0.2739460993170783
v -0.2474294924200444 0.578125 0.2684988653953496
v -0.1851673237893103 0.515625 0.2739460993170783
v -0.2474294924200444 0.515625 0.2684988653953496
v -0.25560034330263737 0.578125 0.3618921183414508
v -0.19333817467190328 0.578125 0.36733935226317943
v -0.25560034330263737 0.515625 0.3618921183414508
v -0.19333817467190328 0.515625 0.36733935226317943
vt 0.78125 0.171875
vt 0.78125 0.1484375
vt 0.796875 0.1484375
vt 0.796875 0.171875
vt 0.78125 0.171875
vt 0.78125 0.15625
vt 0.796875 0.15625
vt 0.796875 0.171875
vt 0.78125 0.171875
vt 0.78125 0.1484375
vt 0.796875 0.1484375
vt 0.796875 0.171875
vt 0.78125 0.171875
vt 0.78125 0.15625
vt 0.796875 0.15625
vt 0.796875 0.171875
vt 0.78125 0.171875
vt 0.78125 0.1484375
vt 0.796875 0.1484375
vt 0.796875 0.171875
vt 0.78125 0.171875
vt 0.78125 0.1484375
vt 0.796875 0.1484375
vt 0.796875 0.171875
vn -0.9961946980917457 0 -0.08715574274765849
vn 0.08715574274765849 0 -0.9961946980917457
vn 0.9961946980917457 0 0.08715574274765849
vn -0.08715574274765849 0 0.9961946980917457
vn 0 1 0
vn 0 -1 0
usemtl m_c8e1d80b-5cb8-ca0b-ea78-34ad5285c6ee
f 196/588/147 199/587/147 197/586/147 194/585/147
f 195/592/148 196/591/148 194/590/148 193/589/148
f 200/596/149 195/595/149 193/594/149 198/593/149
f 199/600/150 200/599/150 198/598/150 197/597/150
f 198/604/151 193/603/151 194/602/151 197/601/151
f 199/608/152 196/607/152 195/606/152 200/605/152
o cube
v -0.21366706209552877 0.578125 0.3220677462779309
v -0.25609210869133764 0.578125 0.3679629031176613
v -0.21366706209552877 0.515625 0.3220677462779309
v -0.25609210869133764 0.515625 0.3679629031176613
v -0.14135421659201192 0.578125 0.47402551960718325
v -0.09892916999620305 0.578125 0.4281303627674529
v -0.14135421659201192 0.515625 0.47402551960718325
v -0.09892916999620305 0.515625 0.4281303627674529
vt 0.78125 0.171875
vt 0.78125 0.1328125
vt 0.796875 0.1328125
vt 0.796875 0.171875
vt 0.78125 0.171875
vt 0.78125 0.15625
vt 0.796875 0.15625
vt 0.796875 0.171875
vt 0.78125 0.171875
vt 0.78125 0.1328125
vt 0.796875 0.1328125
vt 0.796875 0.171875
vt 0.78125 0.171875
vt 0.78125 0.15625
vt 0.796875 0.15625
vt 0.796875 0.171875
vt 0.78125 0.171875
vt 0.78125 0.1328125
vt 0.796875 0.1328125
vt 0.796875 0.171875
vt 0.78125 0.171875
vt 0.78125 0.1328125
vt 0.796875 0.1328125
vt 0.796875 0.171875
vn -0.6788007455329417 0 0.7343225094356856
vn -0.7343225094356856 0 -0.6788007455329417
vn 0.6788007455329417 0 -0.7343225094356856
vn 0.7343225094356856 0 0.6788007455329417
vn 0 1 0
vn 0 -1 0
usemtl m_c8e1d80b-5cb8-ca0b-ea78-34ad5285c6ee
f 204/612/153 207/611/153 205/610/153 202/609/153
f 203/616/154 204/615/154 202/614/154 201/613/154
f 208/620/155 203/619/155 201/618/155 206/617/155
f 207/624/156 208/623/156 206/622/156 205/621/156
f 206/628/157 201/627/157 202/626/157 205/625/157
f 207/632/158 204/631/158 203/630/158 208/629/158
o cube
v -0.12111727300165276 0.578125 0.23052548221495403
v -0.1633416609776315 0.578125 0.18444564866432128
v -0.12111727300165276 0.515625 0.23052548221495403
v -0.1633416609776315 0.515625 0.18444564866432128
v -0.2543493322401312 0.578125 0.26783881491687933
v -0.21212494426415246 0.578125 0.31391864846751205
v -0.2543493322401312 0.515625 0.26783881491687933
v -0.21212494426415246 0.515625 0.31391864846751205
vt 0.78125 0.171875
vt 0.78125 0.14453125
vt 0.796875 0.14453125
vt 0.796875 0.171875
vt 0.78125 0.171875
vt 0.78125 0.15625
vt 0.796875 0.15625
vt 0.796875 0.171875
vt 0.78125 0.171875
vt 0.78125 0.14453125
vt 0.796875 0.14453125
vt 0.796875 0.171875
vt 0.78125 0.171875
vt 0.78125 0.15625
vt 0.796875 0.15625
vt 0.796875 0.171875
vt 0.78125 0.171875
vt 0.78125 0.14453125
vt 0.796875 0.14453125
vt 0.796875 0.171875
vt 0.78125 0.171875
vt 0.78125 0.14453125
vt 0.796875 0.14453125
vt 0.796875 0.171875
vn -0.6755902076156601 0 -0.7372773368101242
vn 0.7372773368101242 0 -0.6755902076156601
vn 0.6755902076156601 0 0.7372773368101242
vn -0.7372773368101242 0 0.6755902076156601
vn 0 1 0
vn 0 -1 0
usemtl m_c8e1d80b-5cb8-ca0b-ea78-34ad5285c6ee
f 212/636/159 215/635/159 213/634/159 210/633/159
f 211/640/160 212/639/160 210/638/160 209/637/160
f 216/644/161 211/643/161 209/642/161 214/641/161
f 215/648/162 216/647/162 214/646/162 213/645/162
f 214/652/163 209/651/163 210/650/163 213/649/163
f 215/656/164 212/655/164 211/654/164 216/653/164
o cube
v 0.24021317467190328 0.578125 0.36733935226317943
v 0.30247534330263737 0.578125 0.3618921183414508
v 0.24021317467190328 0.515625 0.36733935226317943
v 0.30247534330263737 0.515625 0.3618921183414508
