# Made in Blockbench 4.12.6
mtllib skelesitting.mtl

o cube
v 0.64631634901368 1.3241546144613716 0.4047952512792825
v 0.7340457390552413 1.285033891256211 -0.009207312890120653
v 0.6186553432261488 0.9014275444784183 0.43887886996112624
v 0.7063847332677101 0.8623068212732576 0.024876305791723105
v 0.31911993498690217 1.3049435200707409 -0.09901368125400596
v 0.23139054494534086 1.3440642432759016 0.31498888291539723
v 0.29145892919937105 0.8822164500877877 -0.0649300625721622
v 0.20372953915780972 0.9213371732929483 0.34907250159724096
vt 0.140625 0.859375
vt 0.265625 0.859375
vt 0.265625 0.734375
vt 0.140625 0.734375
vt 0.125 1
vt 0 1
vt 0 0.875
vt 0.125 0.875
vt 0.140625 1
vt 0.265625 1
vt 0.265625 0.875
vt 0.140625 0.875
vt 0 1
vt 0.125 1
vt 0.125 0.875
vt 0 0.875
vt 0 0.859375
vt 0.125 0.859375
vt 0.125 0.734375
vt 0 0.734375
vt 0 0.65625
vt 0.125 0.65625
vt 0.125 0.53125
vt 0 0.53125
vn 0.20642209421543836 -0.09204876048273095 -0.9741236803985958
vn 0.9762960095725628 -0.046846185445953044 0.21130910203267134
vn -0.20642209421543836 0.09204876048273095 0.9741236803985958
vn -0.9762960095725628 0.046846185445953044 -0.21130910203267134
vn 0.06508471950007325 0.9946519293716554 -0.08019674983963242
vn -0.06508471950007325 -0.9946519293716554 0.08019674983963242
usemtl m_c8e1d80b-5cb8-ca0b-ea78-34ad5285c6ee
f 4/4/1 7/3/1 5/2/1 2/1/1
f 3/8/2 4/7/2 2/6/2 1/5/2
f 8/12/3 3/11/3 1/10/3 6/9/3
f 7/16/4 8/15/4 6/14/4 5/13/4
f 6/20/5 1/19/5 2/18/5 5/17/5
f 7/24/6 4/23/6 3/22/6 8/21/6
o cube
v 0.20598987208519742 0.7728414890253931 0.20052701053929606
v 0.24394710603077802 0.7901364151919534 0.10280702066980371
v 0.14823358708569545 0.3626486851497424 0.10549504122534181
v 0.18619082103127607 0.37994361131630283 0.007775051355849466
v 0.14576450007309594 0.8119036958428002 0.06852256529384956
v 0.1078072661275153 0.7946087696762397 0.1662425551633419
v 0.08800821507359397 0.4017108919671495 -0.02650940402010471
v 0.050050981128013344 0.38441596580058907 0.07121058584938764
vt 0.0625 0.859375
vt 0.09375 0.859375
vt 0.09375 0.734375
vt 0.0625 0.734375
vt 0.0625 0.859375
vt 0.09375 0.859375
vt 0.09375 0.734375
vt 0.0625 0.734375
vt 0.0625 0.859375
vt 0.09375 0.859375
vt 0.09375 0.734375
vt 0.0625 0.734375
vt 0.0625 0.859375
vt 0.09375 0.859375
vt 0.09375 0.734375
vt 0.0625 0.734375
vt 0.0625 0.859375
vt 0.09375 0.859375
vt 0.09375 0.828125
vt 0.0625 0.828125
vt 0.0625 0.859375
vt 0.09375 0.859375
vt 0.09375 0.828125
vt 0.0625 0.828125
vn 0.3572445547819352 0.16277577568527493 -0.9197175517128691
vn 0.9240715854840673 -0.20486852377267473 0.32267722706780405
vn -0.3572445547819352 -0.16277577568527493 0.9197175517128691
vn -0.9240715854840673 0.20486852377267473 -0.32267722706780405
vn 0.13589714117529872 0.9651595385309426 0.22360463367989236
vn -0.13589714117529872 -0.9651595385309426 -0.22360463367989236
usemtl m_c8e1d80b-5cb8-ca0b-ea78-34ad5285c6ee
f 12/28/7 15/27/7 13/26/7 10/25/7
f 11/32/8 12/31/8 10/30/8 9/29/8
f 16/36/9 11/35/9 9/34/9 14/33/9
f 15/40/10 16/39/10 14/38/10 13/37/10
f 14/44/11 9/43/11 10/42/11 13/41/11
f 15/48/12 12/47/12 11/46/12 16/45/12
o cube
v 0.16688398728954748 0.4506690613190379 0.12419856944112015
v 0.20351986997125937 0.43108749219356407 0.026405743780358426
v 0.20675561029231437 0.09129423457142205 0.21109507802602445
v 0.24339149297402624 0.07171266544594823 0.11330225236526273
v 0.10443859328255037 0.41204160588475564 -0.00689917063849918
v 0.06780271060083849 0.43162317501022945 0.09089365502226254
v 0.14431021628531723 0.05266677913713991 0.07999733794640512
v 0.10767433360360536 0.07224834826261373 0.17779016360716682
vt 0.875 0.25
vt 0.90625 0.25
vt 0.90625 0.140625
vt 0.875 0.140625
vt 0.859375 0.25
vt 0.890625 0.25
vt 0.890625 0.140625
vt 0.859375 0.140625
vt 0.875 0.25
vt 0.90625 0.25
vt 0.90625 0.140625
vt 0.875 0.140625
vt 0.890625 0.25
vt 0.921875 0.25
vt 0.921875 0.140625
vt 0.890625 0.140625
vt 0.015625 0.859375
vt 0.046875 0.859375
vt 0.046875 0.828125
vt 0.015625 0.828125
vt 0.015625 0.859375
vt 0.046875 0.859375
vt 0.046875 0.828125
vt 0.015625 0.828125
vn 0.34480830759258246 -0.18429712118093003 -0.9204030650424632
vn 0.9325296629525556 0.1792554005534908 0.31345801805983636
vn -0.34480830759258246 0.18429712118093003 0.9204030650424632
vn -0.9325296629525556 -0.1792554005534908 -0.31345801805983636
vn -0.10721780975533955 0.9663860887330845 -0.23367128358965858
vn 0.10721780975533955 -0.9663860887330845 0.23367128358965858
usemtl m_c8e1d80b-5cb8-ca0b-ea78-34ad5285c6ee
f 20/52/13 23/51/13 21/50/13 18/49/13
f 19/56/14 20/55/14 18/54/14 17/53/14
f 24/60/15 19/59/15 17/58/15 22/57/15
f 23/64/16 24/63/16 22/62/16 21/61/16
f 22/68/17 17/67/17 18/66/17 21/65/17
f 23/72/18 20/71/18 19/70/18 24/69/18
o cube
v 0.6906249999999999 0.115625 0.2796875
v 0.6906249999999999 0.115625 0.014062500000000006
v 0.6906249999999999 0.009374999999999994 0.2796875
v 0.6906249999999999 0.009374999999999994 0.014062500000000006
v 0.21250000000000002 0.115625 0.014062500000000006
v 0.21250000000000002 0.115625 0.2796875
v 0.21250000000000002 0.009374999999999994 0.014062500000000006
v 0.21250000000000002 0.009374999999999994 0.2796875
vt 0.84375 0.09375
vt 0.84375 0.25
vt 0.890625 0.25
vt 0.890625 0.09375
vt 0.875 0.125
vt 0.875 0.21875
vt 0.921875 0.21875
vt 0.921875 0.125
vt 0.84375 0.125
vt 0.84375 0.28125
vt 0.890625 0.28125
vt 0.890625 0.125
vt 0.875 0.15625
vt 0.875 0.25
vt 0.921875 0.25
vt 0.921875 0.15625
vt 0.75 0.109375
vt 0.75 0.265625
vt 0.84375 0.265625
vt 0.84375 0.109375
vt 0.75 0.09375
vt 0.75 0.25
vt 0.84375 0.25
vt 0.84375 0.09375
vn 0 0 -1
vn 1 0 0
vn 0 0 1
vn -1 0 0
vn 0 1 0
vn 0 -1 0
usemtl m_c8e1d80b-5cb8-ca0b-ea78-34ad5285c6ee
f 28/76/19 31/75/19 29/74/19 26/73/19
f 27/80/20 28/79/20 26/78/20 25/77/20
f 32/84/21 27/83/21 25/82/21 30/81/21
f 31/88/22 32/87/22 30/86/22 29/85/22
f 30/92/23 25/91/23 26/90/23 29/89/23
f 31/96/24 28/95/24 27/94/24 32/93/24
o cube
v 0.7571478861920732 0.44716534141798336 0.24610939854527122
v 0.7136666858731118 0.39422388419611015 0.16489579238197544
v 0.6963562173430009 0.1555672791233047 0.46874353494293486
v 0.6528750170240395 0.10262582190143144 0.3875299287796391
v 0.6182897291069785 0.43353147447366 0.19033615331894746
v 0.66177092942594 0.4864729316955332 0.27154975948224325
v 0.5574980602579063 0.14193341217898126 0.41297028971661115
v 0.6009792605768677 0.19487486940085452 0.49418389587990696
vt 0.78125 0.21875
vt 0.78125 0.1875
vt 0.890625 0.1875
vt 0.890625 0.21875
vt 0.78125 0.21875
vt 0.78125 0.1875
vt 0.890625 0.1875
vt 0.890625 0.21875
vt 0.78125 0.234375
vt 0.78125 0.203125
vt 0.890625 0.203125
vt 0.890625 0.234375
vt 0.78125 0.21875
vt 0.78125 0.1875
vt 0.890625 0.1875
vt 0.890625 0.21875
vt 0.859375 0.234375
vt 0.859375 0.203125
vt 0.890625 0.203125
vt 0.890625 0.234375
vt 0.84375 0.21875
vt 0.84375 0.1875
vt 0.875 0.1875
vt 0.875 0.21875
vn -0.4092348265314018 -0.49827253855880693 -0.764363352125137
vn 0.8976654754459604 -0.3699537908475279 -0.23943869117150135
vn 0.4092348265314018 0.49827253855880693 0.764363352125137
vn -0.8976654754459604 0.3699537908475279 0.23943869117150135
vn 0.1634733952243959 0.7841292431453541 -0.5986800306491795
vn -0.1634733952243959 -0.7841292431453541 0.5986800306491795
usemtl m_c8e1d80b-5cb8-ca0b-ea78-34ad5285c6ee
f 36/100/25 39/99/25 37/98/25 34/97/25
f 35/104/26 36/103/26 34/102/26 33/101/26
f 40/108/27 35/107/27 33/106/27 38/105/27
f 39/112/28 40/111/28 38/110/28 37/109/28
f 38/116/29 33/115/29 34/114/29 37/113/29
f 39/120/30 36/119/30 35/118/30 40/117/30
o cube
v 0.7379135891337726 0.8145285278249856 0.18073745363620325
v 0.6957939284364509 0.7955091785894292 0.08506477709060623
v 0.760264957140643 0.3964882056593173 0.25400207942413533
v 0.7181452964433213 0.3774688564237608 0.1583294028785383
v 0.5984092648363423 0.7977385103015022 0.12749495356456414
v 0.6405289255336639 0.8167578595370587 0.22316763011016116
v 0.6207606328432126 0.37969818813583384 0.20075957935249622
v 0.6628802935405343 0.3987175373713903 0.29643225589809324
vt 0.828125 0.25
vt 0.796875 0.25
vt 0.796875 0.125
vt 0.828125 0.125
vt 0.828125 0.25
vt 0.796875 0.25
vt 0.796875 0.125
vt 0.828125 0.125
vt 0.828125 0.25
vt 0.796875 0.25
vt 0.796875 0.125
vt 0.828125 0.125
vt 0.828125 0.25
vt 0.796875 0.25
vt 0.796875 0.125
vt 0.828125 0.125
vt 0.828125 0.25
vt 0.796875 0.25
vt 0.796875 0.21875
vt 0.828125 0.21875
vt 0.828125 0.25
vt 0.796875 0.25
vt 0.796875 0.21875
vt 0.828125 0.21875
vn -0.39642033597479254 -0.17900563986406093 -0.9004487204291486
vn 0.916561539765729 -0.020981945525393064 -0.3993428374019568
vn 0.39642033597479254 0.17900563986406093 0.9004487204291486
vn -0.916561539765729 0.020981945525393064 0.3993428374019568
vn -0.05259145413381264 0.9836242874486313 -0.17238735479513428
vn 0.05259145413381264 -0.9836242874486313 0.17238735479513428
usemtl m_c8e1d80b-5cb8-ca0b-ea78-34ad5285c6ee
f 44/124/31 47/123/31 45/122/31 42/121/31
f 43/128/32 44/127/32 42/126/32 41/125/32
f 48/132/33 43/131/33 41/130/33 46/129/33
f 47/136/34 48/135/34 46/134/34 45/133/34
f 46/140/35 41/139/35 42/138/35 45/137/35
f 47/144/36 44/143/36 43/142/36 48/141/36
o cube
v 0.37203498269482854 0.12460317507524243 0.175912732436587
v 0.4119724609735528 -0.00013802750383876128 0.19790796746854447
v 0.3720349672611035 0.19840363085903048 0.594456030944764
v 0.41197244553982776 0.07366242827994929 0.6164512659767215
v 0.2853069250729519 -0.0394687668740607 0.20484303140878812
v 0.24536944679422767 0.08527243570502048 0.18284779637683068
v 0.2853069096392269 0.034331688909727334 0.6233863299169652
v 0.24536943136050265 0.15907289148880854 0.6013910948850076
vt 0.796875 0.359375
vt 0.828125 0.359375
vt 0.828125 0.234375
vt 0.796875 0.234375
vt 0.796875 0.359375
vt 0.828125 0.359375
vt 0.828125 0.234375
vt 0.796875 0.234375
vt 0.796875 0.359375
vt 0.828125 0.359375
vt 0.828125 0.234375
vt 0.796875 0.234375
vt 0.796875 0.359375
vt 0.828125 0.359375
vt 0.828125 0.234375
vt 0.796875 0.234375
vt 0.796875 0.359375
vt 0.828125 0.359375
vt 0.828125 0.3203125
vt 0.796875 0.3203125
vt 0.796875 0.359375
vt 0.828125 0.359375
vt 0.828125 0.3203125
vt 0.796875 0.3203125
vn 0.3007057188045121 -0.9392278782424939 0.16561118141709155
vn 0.9537169761927594 0.2961373317287299 -0.05221695202065832
vn -0.3007057188045121 0.9392278782424939 -0.16561118141709155
vn -0.9537169761927594 -0.2961373317287299 0.05221695202065832
vn 3.6314647185176074e-8 -0.17364813125597178 -0.9848077611957107
vn -3.6314647185176074e-8 0.17364813125597178 0.9848077611957107
usemtl m_c8e1d80b-5cb8-ca0b-ea78-34ad5285c6ee
f 52/148/37 55/147/37 53/146/37 50/145/37
f 51/152/38 52/151/38 50/150/38 49/149/38
f 56/156/39 51/155/39 49/154/39 54/153/39
f 55/160/40 56/159/40 54/158/40 53/157/40
f 54/164/41 49/163/41 50/162/41 53/161/41
f 55/168/42 52/167/42 51/166/42 56/165/42
o cube
v 0.3244524137689231 0.18369707817067354 0.541574617862886
v 0.3578810314336041 0.05532614982268716 0.5350483300700648
v 0.6240701896966971 0.25105742446982465 0.7512953553199926
v 0.6574988073613781 0.12268649612183825 0.7447690675271715
v 0.2866677668812121 0.031215719752480234 0.6445312888804235
v 0.2532391492165311 0.15958664810046663 0.6510575766732447
v 0.5862855428089861 0.09857606605163133 0.8542520263375303
v 0.5528569251443052 0.22694699439961774 0.8607783141303513
vt 0.796875 0.375
vt 0.828125 0.375
vt 0.828125 0.265625
vt 0.796875 0.265625
vt 0.796875 0.375
vt 0.828125 0.375
vt 0.828125 0.265625
vt 0.796875 0.265625
vt 0.796875 0.375
vt 0.828125 0.375
vt 0.828125 0.265625
vt 0.796875 0.265625
vt 0.796875 0.375
vt 0.828125 0.375
vt 0.828125 0.265625
vt 0.796875 0.265625
vt 0.796875 0.375
vt 0.828125 0.375
vt 0.828125 0.3359375
vt 0.796875 0.3359375
vt 0.796875 0.375
vt 0.828125 0.375
vt 0.828125 0.3359375
vt 0.796875 0.3359375
vn 0.25169782712230415 -0.9665575781495446 -0.04913910808712342
vn 0.5361939919238924 0.18153735582273428 -0.8243422781015244
vn -0.25169782712230415 0.9665575781495446 0.04913910808712342
vn -0.5361939919238924 -0.18153735582273428 0.8243422781015244
vn -0.8056948596377116 -0.18113706567838944 -0.5639549242544045
vn 0.8056948596377116 0.18113706567838944 0.5639549242544045
usemtl m_c8e1d80b-5cb8-ca0b-ea78-34ad5285c6ee
f 60/172/43 63/171/43 61/170/43 58/169/43
f 59/176/44 60/175/44 58/174/44 57/173/44
f 64/180/45 59/179/45 57/178/45 62/177/45
f 63/184/46 64/183/46 62/182/46 61/181/46
f 62/188/47 57/187/47 58/186/47 61/185/47
f 63/192/48 60/191/48 59/190/48 64/189/48
o cube
v 0.6361501645049652 0.11691877392502381 0.1323323278987014
v 0.6747268050416295 -0.009617356906220925 0.14414801896664547
v 0.746148243765703 0.1882045401800306 0.53661411340033
v 0.7847248843023671 0.06166840934878587 0.5484298044682742
v 0.5523772909368432 -0.04325530935846805 0.18336848185775706
v 0.513800650400179 0.08328082147277668 0.17155279078981295
v 0.6623753701975809 0.02803045689653874 0.5876502673593857
v 0.6237987296609167 0.15456658772778348 0.5758345762914416
vt 0.78125 0.40625
vt 0.8125 0.40625
vt 0.8125 0.28125
vt 0.78125 0.28125
vt 0.78125 0.40625
vt 0.8125 0.40625
vt 0.8125 0.28125
vt 0.78125 0.28125
vt 0.78125 0.40625
vt 0.8125 0.40625
vt 0.8125 0.28125
vt 0.78125 0.28125
vt 0.78125 0.40625
vt 0.8125 0.40625
vt 0.8125 0.28125
vt 0.78125 0.28125
vt 0.78125 0.390625
vt 0.8125 0.390625
vt 0.8125 0.3515625
vt 0.78125 0.3515625
vt 0.78125 0.390625
vt 0.8125 0.390625
vt 0.8125 0.3515625
vt 0.78125 0.3515625
vn 0.29045941109958956 -0.9527426321411372 0.08896520333510868
vn 0.9212198709066265 0.25327399493456665 -0.29530701470954585
vn -0.29045941109958956 0.9527426321411372 -0.08896520333510868
vn -0.9212198709066265 -0.25327399493456665 0.29530701470954585
vn -0.2588190100252652 -0.16773121471766292 -0.9512512600038324
vn 0.2588190100252652 0.16773121471766292 0.9512512600038324
usemtl m_c8e1d80b-5cb8-ca0b-ea78-34ad5285c6ee
f 68/196/49 71/195/49 69/194/49 66/193/49
f 67/200/50 68/199/50 66/198/50 65/197/50
f 72/204/51 67/203/51 65/202/51 70/201/51
f 71/208/52 72/207/52 70/206/52 69/205/52
f 70/212/53 65/211/53 66/210/53 69/209/53
f 71/216/54 68/215/54 67/214/54 72/213/54
o cube
v 0.7547175142941025 0.18087795413803293 0.5536972953415458
v 0.7888970114597551 0.0525668775932087 0.5563786691799737
v 0.5756113828201376 0.1399242024694522 0.8770157134956914
v 0.6097908799857903 0.011613125924627987 0.8796970873341192
v 0.677635103609487 0.021558846797540138 0.49081610330627323
v 0.6434556064438344 0.14986992334236435 0.4881347294678453
v 0.4985289721355221 -0.019394904871040577 0.8141345214604188
v 0.46434947496986945 0.10891617167378363 0.811453147621991
vt 0.828125 0.375
vt 0.859375 0.375
vt 0.859375 0.265625
vt 0.828125 0.265625
vt 0.828125 0.375
vt 0.859375 0.375
vt 0.859375 0.265625
vt 0.828125 0.265625
vt 0.890625 0.375
vt 0.921875 0.375
vt 0.921875 0.265625
vt 0.890625 0.265625
vt 0.84375 0.375
vt 0.875 0.375
vt 0.875 0.265625
vt 0.84375 0.265625
vt 0.828125 0.375
vt 0.859375 0.375
vt 0.859375 0.3515625
vt 0.828125 0.3515625
vt 0.828125 0.375
vt 0.859375 0.375
vt 0.859375 0.3515625
vt 0.828125 0.3515625
vn 0.25735150807079665 -0.9661069292786765 0.020189167724633614
vn 0.8377367179314306 0.2334722318732691 0.4936475548137448
vn -0.25735150807079665 0.9661069292786765 -0.020189167724633614
vn -0.8377367179314306 -0.2334722318732691 -0.4936475548137448
vn 0.48162993337536797 0.11012773557937677 -0.8694276790699715
vn -0.48162993337536797 -0.11012773557937677 0.8694276790699715
usemtl m_c8e1d80b-5cb8-ca0b-ea78-34ad5285c6ee
f 76/220/55 79/219/55 77/218/55 74/217/55
f 75/224/56 76/223/56 74/222/56 73/221/56
f 80/228/57 75/227/57 73/226/57 78/225/57
f 79/232/58 80/231/58 78/230/58 77/229/58
f 78/236/59 73/235/59 74/234/59 77/233/59
f 79/240/60 76/239/60 75/238/60 80/237/60
o cube
v 0.5046875 0.9159255905746291 0.15677828329299293
v 0.5046875 0.9106155197422219 0.046228834064034274
v 0.5046875 0.06584243770058729 0.17544959043506142
v 0.5046875 0.06053236686818009 0.06490014120610277
v 0.3984375 0.9159255905746291 0.15677828329299293
v 0.3984375 0.9106155197422219 0.046228834064034274
v 0.3984375 0.06584243770058729 0.17544959043506142
v 0.3984375 0.06053236686818009 0.06490014120610277
v 0.5046875 0.7503620337843491 0.03176524619604961
v 0.5046875 0.7556721046167563 0.14231469542500824
v 0.3984375 0.7556721046167563 0.14231469542500824
v 0.3984375 0.7503620337843491 0.03176524619604961
vt 0.921875 0.3125
vt 0.9283859375 0.265625
vt 0.9609375 0.265625
vt 0.9544265625 0.3125
vt 0.9283859375 0.3125
vt 0.921875 0.265625
vt 0.9544265625 0.265625
vt 0.9609375 0.3125
vt 0.953125 0.3580734375
vt 0.953125 0.390625
vt 0.921875 0.390625
vt 0.921875 0.3580734375
vt 0.953125 0.3580734375
vt 0.953125 0.390625
vt 0.921875 0.390625
vt 0.921875 0.3580734375
vt 0.921875 0.34375
vt 0.921875 0.29642500000000005
vt 0.953125 0.29642500000000005
vt 0.953125 0.34375
vt 0.921875 0.34375
vt 0.921875 0.29642500000000005
vt 0.953125 0.29642500000000005
vt 0.953125 0.34375
vt 0.9544265625 0.15625
vt 0.9544265625 0.359375
vt 0.921875 0.359375
vt 0.921875 0.15625
vt 0.953125 0.15625
vt 0.953125 0.359375
vt 0.921875 0.359375
vt 0.921875 0.15625
vt 0.9544265625 0.15625
vt 0.9544265625 0.359375
vt 0.921875 0.359375
vt 0.921875 0.15625
vt 0.953125 0.15625
vt 0.953125 0.359375
vt 0.921875 0.359375
vt 0.921875 0.15625
vn 1 0 0
vn -1 0 0
vn 0 0.9988483864849507 -0.04797812852134394
vn 0 -0.9988483864849507 0.04797812852134394
vn 0 -0.08988906576743089 0.995951783900937
vn 0 0.08988906576743086 -0.995951783900937
vn 1 0 0
vn 0 0.04797812852134394 0.9988483864849507
vn -1 0 0
vn 0 -0.04797812852134394 -0.9988483864849507
usemtl m_c8e1d80b-5cb8-ca0b-ea78-34ad5285c6ee
f 81/241/61 90/242/61 89/243/61 82/244/61
f 86/245/62 92/246/62 91/247/62 85/248/62
f 81/249/63 82/250/63 86/251/63 85/252/63
f 84/253/64 83/254/64 87/255/64 88/256/64
f 85/257/65 91/258/65 90/259/65 81/260/65
f 82/261/66 89/262/66 92/263/66 86/264/66
f 84/265/67 89/266/67 90/267/67 83/268/67
f 83/269/68 90/270/68 91/271/68 87/272/68
f 87/273/69 91/274/69 92/275/69 88/276/69
f 88/277/70 92/278/70 89/279/70 84/280/70
o cube
v 0.690625 0.8195312499999999 0.1734375
v 0.690625 0.8195312499999999 0.06718749999999998
v 0.690625 0.71328125 0.1734375
v 0.690625 0.71328125 0.06718749999999998
v 0.159375 0.8195312499999999 0.06718749999999998
v 0.159375 0.8195312499999999 0.1734375
v 0.159375 0.71328125 0.06718749999999998
v 0.159375 0.71328125 0.1734375
vt 0.875 0.109375
vt 0.875 0.265625
vt 0.90625 0.265625
vt 0.90625 0.109375
vt 0.875 0.234375
vt 0.875 0.265625
vt 0.90625 0.265625
vt 0.90625 0.234375
vt 0.875 0.109375
vt 0.875 0.265625
vt 0.90625 0.265625
vt 0.90625 0.109375
vt 0.875 0.234375
vt 0.875 0.265625
vt 0.90625 0.265625
vt 0.90625 0.234375
vt 0.875 0.109375
vt 0.875 0.265625
vt 0.90625 0.265625
vt 0.90625 0.109375
vt 0.875 0.109375
vt 0.875 0.265625
vt 0.90625 0.265625
vt 0.90625 0.109375
vn 0 0 -1
vn 1 0 0
vn 0 0 1
vn -1 0 0
vn 0 1 0
vn 0 -1 0
usemtl m_c8e1d80b-5cb8-ca0b-ea78-34ad5285c6ee
f 96/284/71 99/283/71 97/282/71 94/281/71
f 95/288/72 96/287/72 94/286/72 93/285/72
f 100/292/73 95/291/73 93/290/73 98/289/73
f 99/296/74 100/295/74 98/294/74 97/293/74
f 98/300/75 93/299/75 94/298/75 97/297/75
f 99/304/76 96/303/76 95/302/76 100/301/76
o cube
v 0.49140625 0.7984103757284433 0.20740406838433972
v 0.41171874999999997 0.7984103757284434 0.20740406838433972
v 0.49140625 0.7703458643685517 0.1472199108847843
v 0.41171874999999997 0.7703458643685517 0.1472199108847843
v 0.49140625 0.443692750137832 0.3334698952076508
v 0.41171874999999997 0.443692750137832 0.3334698952076508
v 0.49140625 0.42372400563950136 0.27013712894702635
v 0.41171874999999997 0.42372400563950136 0.27013712894702635
v 0.41171874999999997 0.7090050618793282 0.29159457697070285
v 0.49140625 0.7090050618793282 0.29159457697070285
v 0.49140625 0.6890363173809976 0.2282618107100784
v 0.41171874999999997 0.6890363173809976 0.2282618107100784
vt 0.90625 0.203125
vt 0.875 0.203125
vt 0.875 0.171875
vt 0.90625 0.171875
vt 0.90625 0.203125
vt 0.875 0.203125
vt 0.875 0.171875
vt 0.90625 0.171875
vt 0.90625 0.078125
vt 0.90625 0.15625
vt 0.875 0.15625
vt 0.875 0.078125
vt 0.90625 0.078125
vt 0.90625 0.15625
vt 0.875 0.15625
vt 0.875 0.078125
vt 0.90625 0.078125
vt 0.90625 0.15625
vt 0.875 0.15625
vt 0.875 0.078125
vt 0.875 0.203125
vt 0.875 0.125
vt 0.90625 0.125
vt 0.90625 0.203125
vt 0.875 0.203125
vt 0.875 0.125
vt 0.90625 0.125
vt 0.90625 0.203125
vt 0.875 0.203125
vt 0.875 0.125
vt 0.90625 0.125
vt 0.90625 0.203125
vt 0.875 0.203125
vt 0.875 0.125
vt 0.90625 0.125
vt 0.90625 0.203125
vt 0.90625 0.078125
vt 0.90625 0.15625
vt 0.875 0.15625
vt 0.875 0.078125
vn 1.5093039508159982e-16 0.9063067613978332 -0.4226204612232722
vn -1.5882577765439668e-16 -0.953716950748227 0.3007057995042731
vn 2.5963246920200533e-17 0.1559040922068578 0.9877721974388406
vn -2.5963246920200533e-17 -0.1559040922068578 -0.9877721974388406
vn 1 1.669252511239801e-17 5.294192588479888e-17
vn -1 -1.669252511239801e-17 -5.294192588479888e-17
vn 1.1416802424895193e-16 0.6855560952869411 0.7280198075704551
vn 1 1.669252511239801e-17 5.294192588479888e-17
vn -1.1756264450576565e-16 -0.7059401093184752 -0.7082715313037926
vn -1 -1.669252511239801e-17 -5.294192588479888e-17
usemtl m_c8e1d80b-5cb8-ca0b-ea78-34ad5285c6ee
f 104/305/77 102/306/77 101/307/77 103/308/77
f 107/309/78 105/310/78 106/311/78 108/312/78
f 105/313/79 110/314/79 109/315/79 106/316/79
f 108/317/80 112/318/80 111/319/80 107/320/80
f 107/321/81 111/322/81 110/323/81 105/324/81
f 106/325/82 109/326/82 112/327/82 108/328/82
f 102/329/83 109/330/83 110/331/83 101/332/83
f 101/333/84 110/334/84 111/335/84 103/336/84
f 103/337/85 111/338/85 112/339/85 104/340/85
f 104/341/86 112/342/86 109/343/86 102/344/86
o cube
v 0.584375 0.66015625 0.09375
v 0.584375 0.66015625 0.040624999999999994
v 0.584375 0.6070312499999999 0.09375
v 0.584375 0.6070312499999999 0.040624999999999994
v 0.29218749999999993 0.66015625 0.040624999999999994
v 0.29218749999999993 0.66015625 0.09375
v 0.29218749999999993 0.6070312499999999 0.040624999999999994
v 0.29218749999999993 0.6070312499999999 0.09375
vt 0.78125 0.1796875
vt 0.78125 0.265625
vt 0.796875 0.265625
vt 0.796875 0.1796875
vt 0.78125 0.25
vt 0.78125 0.265625
vt 0.796875 0.265625
vt 0.796875 0.25
vt 0.78125 0.1796875
vt 0.78125 0.265625
vt 0.796875 0.265625
vt 0.796875 0.1796875
vt 0.78125 0.25
vt 0.78125 0.265625
vt 0.796875 0.265625
vt 0.796875 0.25
vt 0.78125 0.1796875
vt 0.78125 0.265625
vt 0.796875 0.265625
vt 0.796875 0.1796875
vt 0.78125 0.1796875
vt 0.78125 0.265625
vt 0.796875 0.265625
vt 0.796875 0.1796875
vn 0 0 -1
vn 1 0 0
vn 0 0 1
vn -1 0 0
vn 0 1 0
vn 0 -1 0
usemtl m_c8e1d80b-5cb8-ca0b-ea78-34ad5285c6ee
f 116/348/87 119/347/87 117/346/87 114/345/87
f 115/352/88 116/351/88 114/350/88 113/349/88
f 120/356/89 115/355/89 113/354/89 118/353/89
f 119/360/90 120/359/90 118/358/90 117/357/90
f 118/364/91 113/363/91 114/362/91 117/361/91
f 119/368/92 116/367/92 115/366/92 120/365/92
o cube
v 0.621727809457971 0.66015625 0.1532866869969793
v 0.657618539237553 0.66015625 0.11411882847894149
v 0.621727809457971 0.6070312499999999 0.1532866869969793
v 0.657618539237553 0.6070312499999999 0.11411882847894149
v 0.5890747868309867 0.66015625 0.051310051364673065
v 0.5531840570514048 0.66015625 0.09047790988271089
v 0.5890747868309867 0.6070312499999999 0.051310051364673065
v 0.5531840570514048 0.6070312499999999 0.09047790988271089
vt 0.78125 0.23828125
vt 0.78125 0.265625
vt 0.796875 0.265625
vt 0.796875 0.23828125
vt 0.78125 0.25
vt 0.78125 0.265625
vt 0.796875 0.265625
vt 0.796875 0.25
vt 0.78125 0.23828125
vt 0.78125 0.265625
vt 0.796875 0.265625
vt 0.796875 0.23828125
vt 0.78125 0.25
vt 0.78125 0.265625
vt 0.796875 0.265625
vt 0.796875 0.25
vt 0.78125 0.23828125
vt 0.78125 0.265625
vt 0.796875 0.265625
vt 0.796875 0.23828125
vt 0.78125 0.23828125
vt 0.78125 0.265625
vt 0.796875 0.265625
vt 0.796875 0.23828125
vn 0.6755902076156601 0 -0.7372773368101242
vn 0.7372773368101242 0 0.6755902076156601
vn -0.6755902076156601 0 0.7372773368101242
vn -0.7372773368101242 0 -0.6755902076156601
vn 0 1 0
vn 0 -1 0
usemtl m_c8e1d80b-5cb8-ca0b-ea78-34ad5285c6ee
f 124/372/93 127/371/93 125/370/93 122/369/93
f 123/376/94 124/375/94 122/374/94 121/373/94
f 128/380/95 123/379/95 121/378/95 126/377/95
f 127/384/96 128/383/96 126/382/96 125/381/96
f 126/388/97 121/387/97 122/386/97 125/385/97
f 127/392/98 124/391/98 123/390/98 128/389/98
o cube
v 0.28088902477908617 0.66015625 0.12738543441951655
v 0.22796618144296227 0.66015625 0.12275528558604717
v 0.28088902477908617 0.6070312499999999 0.12738543441951655
v 0.22796618144296227 0.6070312499999999 0.12275528558604717
v 0.22102095819275824 0.66015625 0.20213955059023314
v 0.2739438015288822 0.66015625 0.2067696994237025
v 0.22102095819275824 0.6070312499999999 0.20213955059023314
v 0.2739438015288822 0.6070312499999999 0.2067696994237025
vt 0.78125 0.265625
vt 0.78125 0.2421875
vt 0.796875 0.2421875
vt 0.796875 0.265625
vt 0.78125 0.265625
vt 0.78125 0.25
vt 0.796875 0.25
vt 0.796875 0.265625
vt 0.78125 0.265625
vt 0.78125 0.2421875
vt 0.796875 0.2421875
vt 0.796875 0.265625
vt 0.78125 0.265625
vt 0.78125 0.25
vt 0.796875 0.25
vt 0.796875 0.265625
vt 0.78125 0.265625
vt 0.78125 0.2421875
vt 0.796875 0.2421875
vt 0.796875 0.265625
vt 0.78125 0.265625
vt 0.78125 0.2421875
vt 0.796875 0.2421875
vt 0.796875 0.265625
vn -0.9961946980917457 0 -0.08715574274765849
vn 0.08715574274765849 0 -0.9961946980917457
vn 0.9961946980917457 0 0.08715574274765849
vn -0.08715574274765849 0 0.9961946980917457
vn 0 1 0
vn 0 -1 0
usemtl m_c8e1d80b-5cb8-ca0b-ea78-34ad5285c6ee
f 132/396/99 135/395/99 133/394/99 130/393/99
f 131/400/100 132/399/100 130/398/100 129/397/100
f 136/404/101 131/403/101 129/402/101 134/401/101
f 135/408/102 136/407/102 134/406/102 133/405/102
f 134/412/103 129/411/103 130/410/103 133/409/103
f 135/416/104 132/415/104 131/414/104 136/413/104
o cube
v 0.2663862530586958 0.66015625 0.17100976323681935
v 0.2242393568557239 0.66015625 0.20335021415290766
v 0.2663862530586958 0.6070312499999999 0.17100976323681935
v 0.2242393568557239 0.6070312499999999 0.20335021415290766
v 0.30509048414594453 0.66015625 0.3087174546603373
v 0.3472373803489165 0.66015625 0.276377003744249
v 0.30509048414594453 0.6070312499999999 0.3087174546603373
v 0.3472373803489165 0.6070312499999999 0.276377003744249
vt 0.78125 0.265625
vt 0.78125 0.2265625
vt 0.796875 0.2265625
vt 0.796875 0.265625
vt 0.78125 0.265625
vt 0.78125 0.25
vt 0.796875 0.25
vt 0.796875 0.265625
vt 0.78125 0.265625
vt 0.78125 0.2265625
vt 0.796875 0.2265625
vt 0.796875 0.265625
vt 0.78125 0.265625
vt 0.78125 0.25
vt 0.796875 0.25
vt 0.796875 0.265625
vt 0.78125 0.265625
vt 0.78125 0.2265625
vt 0.796875 0.2265625
vt 0.796875 0.265625
vt 0.78125 0.265625
vt 0.78125 0.2265625
vt 0.796875 0.2265625
vt 0.796875 0.265625
vn -0.7933533402912355 0 0.6087614290087204
vn -0.6087614290087204 0 -0.7933533402912355
vn 0.7933533402912355 0 -0.6087614290087204
vn 0.6087614290087204 0 0.7933533402912355
vn 0 1 0
vn 0 -1 0
usemtl m_c8e1d80b-5cb8-ca0b-ea78-34ad5285c6ee
f 140/420/105 143/419/105 141/418/105 138/417/105
f 139/424/106 140/423/106 138/422/106 137/421/106
f 144/428/107 139/427/107 137/426/107 142/425/107
f 143/432/108 144/431/108 142/430/108 141/429/108
f 142/436/109 137/435/109 138/434/109 141/433/109
f 143/440/110 140/439/110 139/438/110 144/437/110
o cube
v 0.33665969294859516 0.66015625 0.09047790988271091
v 0.30076896316901325 0.66015625 0.05131005136467309
v 0.33665969294859516 0.6070312499999999 0.09047790988271091
v 0.30076896316901325 0.6070312499999999 0.05131005136467309
v 0.23222521076244698 0.66015625 0.11411882847894153
v 0.2681159405420289 0.66015625 0.15328668699697934
v 0.23222521076244698 0.6070312499999999 0.11411882847894153
v 0.2681159405420289 0.6070312499999999 0.15328668699697934
vt 0.78125 0.265625
vt 0.78125 0.23828125
vt 0.796875 0.23828125
vt 0.796875 0.265625
vt 0.78125 0.265625
vt 0.78125 0.25
vt 0.796875 0.25
vt 0.796875 0.265625
vt 0.78125 0.265625
vt 0.78125 0.23828125
vt 0.796875 0.23828125
vt 0.796875 0.265625
vt 0.78125 0.265625
vt 0.78125 0.25
vt 0.796875 0.25
vt 0.796875 0.265625
vt 0.78125 0.265625
vt 0.78125 0.23828125
vt 0.796875 0.23828125
vt 0.796875 0.265625
vt 0.78125 0.265625
vt 0.78125 0.23828125
vt 0.796875 0.23828125
vt 0.796875 0.265625
vn -0.6755902076156601 0 -0.7372773368101242
vn 0.7372773368101242 0 -0.6755902076156601
vn 0.6755902076156601 0 0.7372773368101242
vn -0.7372773368101242 0 0.6755902076156601
vn 0 1 0
vn 0 -1 0
usemtl m_c8e1d80b-5cb8-ca0b-ea78-34ad5285c6ee
f 148/444/111 151/443/111 149/442/111 146/441/111
f 147/448/112 148/447/112 146/446/112 145/445/112
f 152/452/113 147/451/113 145/450/113 150/449/113
f 151/456/114 152/455/114 150/454/114 149/453/114
f 150/460/115 145/459/115 146/458/115 149/457/115
f 151/464/116 148/463/116 147/462/116 152/461/116
o cube
v 0.6158999484711178 0.66015625 0.20676969942370244
v 0.6688227918072418 0.66015625 0.20213955059023309
v 0.6158999484711178 0.6070312499999999 0.20676969942370244
v 0.6688227918072418 0.6070312499999999 0.20213955059023309
v 0.6618775685570377 0.66015625 0.1227552855860472
v 0.6089547252209138 0.66015625 0.12738543441951655
v 0.6618775685570377 0.6070312499999999 0.1227552855860472
v 0.6089547252209138 0.6070312499999999 0.12738543441951655
vt 0.78125 0.2421875
vt 0.78125 0.265625
vt 0.796875 0.265625
vt 0.796875 0.2421875
vt 0.78125 0.25
vt 0.78125 0.265625
vt 0.796875 0.265625
vt 0.796875 0.25
vt 0.78125 0.2421875
vt 0.78125 0.265625
vt 0.796875 0.265625
vt 0.796875 0.2421875
vt 0.78125 0.25
vt 0.78125 0.265625
vt 0.796875 0.265625
vt 0.796875 0.25
vt 0.78125 0.2421875
vt 0.78125 0.265625
vt 0.796875 0.265625
vt 0.796875 0.2421875
vt 0.78125 0.2421875
vt 0.78125 0.265625
vt 0.796875 0.265625
vt 0.796875 0.2421875
vn 0.9961946980917457 0 -0.08715574274765849
vn 0.08715574274765849 0 0.9961946980917457
vn -0.9961946980917457 0 0.08715574274765849
vn -0.08715574274765849 0 -0.9961946980917457
vn 0 1 0
vn 0 -1 0
usemtl m_c8e1d80b-5cb8-ca0b-ea78-34ad5285c6ee
f 156/468/117 159/467/117 157/466/117 154/465/117
f 155/472/118 156/471/118 154/470/118 153/469/118
f 160/476/119 155/475/119 153/474/119 158/473/119
f 159/480/120 160/479/120 158/478/120 157/477/120
f 158/484/121 153/483/121 154/482/121 157/481/121
f 159/488/122 156/487/122 155/486/122 160/485/122
o cube
v 0.5426063696510834 0.66015625 0.27637700374424906
v 0.5847532658540553 0.66015625 0.3087174546603374
v 0.5426063696510834 0.6070312499999999 0.27637700374424906
v 0.5847532658540553 0.6070312499999999 0.3087174546603374
v 0.665604393144276 0.66015625 0.20335021415290766
v 0.6234574969413041 0.66015625 0.17100976323681935
v 0.665604393144276 0.6070312499999999 0.20335021415290766
v 0.6234574969413041 0.6070312499999999 0.17100976323681935
vt 0.78125 0.2265625
vt 0.78125 0.265625
vt 0.796875 0.265625
vt 0.796875 0.2265625
vt 0.78125 0.25
vt 0.78125 0.265625
vt 0.796875 0.265625
vt 0.796875 0.25
vt 0.78125 0.2265625
vt 0.78125 0.265625
vt 0.796875 0.265625
vt 0.796875 0.2265625
vt 0.78125 0.25
vt 0.78125 0.265625
vt 0.796875 0.265625
vt 0.796875 0.25
vt 0.78125 0.2265625
vt 0.78125 0.265625
vt 0.796875 0.265625
vt 0.796875 0.2265625
vt 0.78125 0.2265625
vt 0.78125 0.265625
vt 0.796875 0.265625
vt 0.796875 0.2265625
vn 0.7933533402912355 0 0.6087614290087204
vn -0.6087614290087204 0 0.7933533402912355
vn -0.7933533402912355 0 -0.6087614290087204
vn 0.6087614290087204 0 -0.7933533402912355
vn 0 1 0
vn 0 -1 0
usemtl m_c8e1d80b-5cb8-ca0b-ea78-34ad5285c6ee
f 164/492/123 167/491/123 165/490/123 162/489/123
f 163/496/124 164/495/124 162/494/124 161/493/124
f 168/500/125 163/499/125 161/498/125 166/497/125
f 167/504/126 168/503/126 166/502/126 165/501/126
f 166/508/127 161/507/127 162/506/127 165/505/127
f 167/512/128 164/511/128 163/510/128 168/509/128
o cube
v 0.30439668750000004 0.6589723284088764 0.2557433291373401
v 0.30439668750000004 0.6612896083626598 0.3088177659088764
v 0.30439668750000004 0.6058978916373401 0.25806060909112355
v 0.30439668750000004 0.6082151715911236 0.31113504586265983
v 0.5833029375 0.6612896083626598 0.3088177659088764
v 0.5833029375 0.6589723284088763 0.2557433291373401
v 0.5833029375 0.6082151715911235 0.31113504586265983
v 0.5833029375 0.6058978916373401 0.25806060909112355
vt 0.78125 0.18359375
vt 0.78125 0.265625
vt 0.796875 0.265625
vt 0.796875 0.18359375
vt 0.78125 0.25
vt 0.78125 0.265625
vt 0.796875 0.265625
vt 0.796875 0.25
vt 0.78125 0.18359375
vt 0.78125 0.265625
vt 0.796875 0.265625
vt 0.796875 0.18359375
vt 0.78125 0.25
vt 0.78125 0.265625
vt 0.796875 0.265625
vt 0.796875 0.25
vt 0.78125 0.18359375
vt 0.78125 0.265625
vt 0.796875 0.265625
vt 0.796875 0.18359375
vt 0.78125 0.18359375
vt 0.78125 0.265625
vt 0.796875 0.265625
vt 0.796875 0.18359375
vn 5.3418343117727325e-18 0.043619387365336076 0.9990482215818578
vn -1 1.2246467991473535e-16 0
vn -5.3418343117727325e-18 -0.043619387365336076 -0.9990482215818578
vn 1 -1.2246467991473535e-16 0
vn 1.223481206754078e-16 0.9990482215818579 -0.043619387365336076
vn -1.223481206754078e-16 -0.9990482215818579 0.043619387365336076
usemtl m_c8e1d80b-5cb8-ca0b-ea78-34ad5285c6ee
f 172/516/129 175/515/129 173/514/129 170/513/129
f 171/520/130 172/519/130 170/518/130 169/517/130
f 176/524/131 171/523/131 169/522/131 174/521/131
f 175/528/132 176/527/132 174/526/132 173/525/132
f 174/532/133 169/531/133 170/530/133 173/529/133
f 175/536/134 172/535/134 171/534/134 176/533/134
o cube
v 0.584375 0.55390625 0.10703125
v 0.584375 0.55390625 0.05390625000000001
v 0.584375 0.50078125 0.10703125
v 0.584375 0.50078125 0.05390625000000001
v 0.29218749999999993 0.55390625 0.05390625000000001
v 0.29218749999999993 0.55390625 0.10703125
v 0.29218749999999993 0.50078125 0.05390625000000001
v 0.29218749999999993 0.50078125 0.10703125
vt 0.78125 0.0859375
vt 0.78125 0.171875
vt 0.796875 0.171875
vt 0.796875 0.0859375
vt 0.78125 0.15625
vt 0.78125 0.171875
vt 0.796875 0.171875
vt 0.796875 0.15625
vt 0.78125 0.0859375
vt 0.78125 0.171875
vt 0.796875 0.171875
vt 0.796875 0.0859375
vt 0.78125 0.15625
vt 0.78125 0.171875
vt 0.796875 0.171875
vt 0.796875 0.15625
vt 0.78125 0.0859375
vt 0.78125 0.171875
vt 0.796875 0.171875
vt 0.796875 0.0859375
vt 0.78125 0.0859375
vt 0.78125 0.171875
vt 0.796875 0.171875
vt 0.796875 0.0859375
vn 0 0 -1
vn 1 0 0
vn 0 0 1
vn -1 0 0
vn 0 1 0
vn 0 -1 0
usemtl m_c8e1d80b-5cb8-ca0b-ea78-34ad5285c6ee
f 180/540/135 183/539/135 181/538/135 178/537/135
f 179/544/136 180/543/136 178/542/136 177/541/136
f 184/548/137 179/547/137 177/546/137 182/545/137
f 183/552/138 184/551/138 182/550/138 181/549/138
f 182/556/139 177/555/139 178/554/139 181/553/139
f 183/560/140 180/559/140 179/558/140 184/557/140
o cube
v 0.6430532380741347 0.55390625 0.16533029405733835
v 0.675393688990223 0.55390625 0.1231833978543665
v 0.6430532380741347 0.50078125 0.16533029405733835
v 0.675393688990223 0.50078125 0.1231833978543665
v 0.6016366206350222 0.55390625 0.06658760875121196
v 0.569296169718934 0.55390625 0.10873450495418381
v 0.6016366206350222 0.50078125 0.06658760875121196
v 0.569296169718934 0.50078125 0.10873450495418381
vt 0.78125 0.14453125
vt 0.78125 0.171875
vt 0.796875 0.171875
vt 0.796875 0.14453125
vt 0.78125 0.15625
vt 0.78125 0.171875
vt 0.796875 0.171875
vt 0.796875 0.15625
vt 0.78125 0.14453125
vt 0.78125 0.171875
vt 0.796875 0.171875
vt 0.796875 0.14453125
vt 0.78125 0.15625
vt 0.78125 0.171875
vt 0.796875 0.171875
vt 0.796875 0.15625
vt 0.78125 0.14453125
vt 0.78125 0.171875
vt 0.796875 0.171875
vt 0.796875 0.14453125
vt 0.78125 0.14453125
vt 0.78125 0.171875
vt 0.796875 0.171875
vt 0.796875 0.14453125
vn 0.6087614290087207 0 -0.7933533402912352
vn 0.7933533402912352 0 0.6087614290087207
vn -0.6087614290087207 0 0.7933533402912352
vn -0.7933533402912352 0 -0.6087614290087207
vn 0 1 0
vn 0 -1 0
usemtl m_c8e1d80b-5cb8-ca0b-ea78-34ad5285c6ee
f 188/564/141 191/563/141 189/562/141 186/561/141
f 187/568/142 188/567/142 186/566/142 185/565/142
f 192/572/143 187/571/143 185/570/143 190/569/143
f 191/576/144 192/575/144 190/574/144 189/573/144
f 190/580/145 185/579/145 186/578/145 189/577/145
f 191/584/146 188/583/146 187/582/146 192/581/146
o cube
v 0.26760777477908615 0.55390625 0.14066668441951655
v 0.21468493144296225 0.55390625 0.1360365355860472
v 0.26760777477908615 0.50078125 0.14066668441951655
v 0.21468493144296225 0.50078125 0.1360365355860472
v 0.20773970819275822 0.55390625 0.21542080059023314
v 0.2606625515288822 0.55390625 0.2200509494237025
v 0.20773970819275822 0.50078125 0.21542080059023314
v 0.2606625515288822 0.50078125 0.2200509494237025
vt 0.78125 0.171875
vt 0.78125 0.1484375
vt 0.796875 0.1484375
vt 0.796875 0.171875
vt 0.78125 0.171875
vt 0.78125 0.15625
vt 0.796875 0.15625
vt 0.796875 0.171875
vt 0.78125 0.171875
vt 0.78125 0.1484375
vt 0.796875 0.1484375
vt 0.796875 0.171875
vt 0.78125 0.171875
vt 0.78125 0.15625
vt 0.796875 0.15625
vt 0.796875 0.171875
vt 0.78125 0.171875
vt 0.78125 0.1484375
vt 0.796875 0.1484375
vt 0.796875 0.171875
vt 0.78125 0.171875
vt 0.78125 0.1484375
vt 0.796875 0.1484375
vt 0.796875 0.171875
vn -0.9961946980917457 0 -0.08715574274765849
vn 0.08715574274765849 0 -0.9961946980917457
vn 0.9961946980917457 0 0.08715574274765849
vn -0.08715574274765849 0 0.9961946980917457
vn 0 1 0
vn 0 -1 0
usemtl m_c8e1d80b-5cb8-ca0b-ea78-34ad5285c6ee
f 196/588/147 199/587/147 197/586/147 194/585/147
f 195/592/148 196/591/148 194/590/148 193/589/148
f 200/596/149 195/595/149 193/594/149 198/593/149
f 199/600/150 200/599/150 198/598/150 197/597/150
f 198/604/151 193/603/151 194/602/151 197/601/151
f 199/608/152 196/607/152 195/606/152 200/605/152
o cube
v 0.2433831359621641 0.55390625 0.18157029141225786
v 0.20732184635572656 0.55390625 0.22058117472602864
v 0.2433831359621641 0.50078125 0.18157029141225786
v 0.20732184635572656 0.50078125 0.22058117472602864
v 0.30484905464015355 0.55390625 0.31073439874212244
v 0.34091034424659106 0.55390625 0.27172351542835166
v 0.30484905464015355 0.50078125 0.31073439874212244
v 0.34091034424659106 0.50078125 0.27172351542835166
vt 0.78125 0.171875
vt 0.78125 0.1328125
vt 0.796875 0.1328125
vt 0.796875 0.171875
vt 0.78125 0.171875
vt 0.78125 0.15625
vt 0.796875 0.15625
vt 0.796875 0.171875
vt 0.78125 0.171875
vt 0.78125 0.1328125
vt 0.796875 0.1328125
vt 0.796875 0.171875
vt 0.78125 0.171875
vt 0.78125 0.15625
vt 0.796875 0.15625
vt 0.796875 0.171875
vt 0.78125 0.171875
vt 0.78125 0.1328125
vt 0.796875 0.1328125
vt 0.796875 0.171875
vt 0.78125 0.171875
vt 0.78125 0.1328125
vt 0.796875 0.1328125
vt 0.796875 0.171875
vn -0.6788007455329417 0 0.7343225094356856
vn -0.7343225094356856 0 -0.6788007455329417
vn 0.6788007455329417 0 -0.7343225094356856
vn 0.7343225094356856 0 0.6788007455329417
vn 0 1 0
vn 0 -1 0
usemtl m_c8e1d80b-5cb8-ca0b-ea78-34ad5285c6ee
f 204/612/153 207/611/153 205/610/153 202/609/153
f 203/616/154 204/615/154 202/614/154 201/613/154
f 208/620/155 203/619/155 201/618/155 206/617/155
f 207/624/156 208/623/156 206/622/156 205/621/156
f 206/628/157 201/627/157 202/626/157 205/625/157
f 207/632/158 204/631/158 203/630/158 208/629/158
o cube
v 0.3220503179485951 0.55390625 0.10375915988271095
v 0.2861595881690132 0.55390625 0.06459130136467311
v 0.3220503179485951 0.50078125 0.10375915988271095
v 0.2861595881690132 0.50078125 0.06459130136467311
v 0.2088030675958885 0.55390625 0.13547549267934741
v 0.24469379737547042 0.55390625 0.17464335119738525
v 0.2088030675958885 0.50078125 0.13547549267934741
v 0.24469379737547042 0.50078125 0.17464335119738525
vt 0.78125 0.171875
vt 0.78125 0.14453125
vt 0.796875 0.14453125
vt 0.796875 0.171875
vt 0.78125 0.171875
vt 0.78125 0.15625
vt 0.796875 0.15625
vt 0.796875 0.171875
vt 0.78125 0.171875
vt 0.78125 0.14453125
vt 0.796875 0.14453125
vt 0.796875 0.171875
vt 0.78125 0.171875
vt 0.78125 0.15625
vt 0.796875 0.15625
vt 0.796875 0.171875
vt 0.78125 0.171875
vt 0.78125 0.14453125
vt 0.796875 0.14453125
vt 0.796875 0.171875
vt 0.78125 0.171875
vt 0.78125 0.14453125
vt 0.796875 0.14453125
vt 0.796875 0.171875
vn -0.6755902076156601 0 -0.7372773368101242
