# Made in Blockbench 4.12.6
mtllib small_horn.mtl

o cube
v 0.3330535809741134 0.24259503766961743 0.17781638649537423
v 0.4029453601918307 -0.07208876615179849 0.17920127536410657
v 0.40929735566262393 -0.07209635076496734 -0.14309102551030883
v 0.33940557644490665 0.24258745305644847 -0.14447591437904123
v -0.13888052409885532 0.13773679054899934 0.16851759784741893
v -0.13252852862806203 0.13772920593583038 -0.15377470302699653
v -0.0689887448811381 -0.17694701327241658 0.16990248671615138
v -0.0626367494103448 -0.17695459788558543 -0.15238981415826414
vt 0.375 0.8655964352000001
vt 0.45558872250000004 0.8655964352000001
vt 0.45558872250000004 0.96875
vt 0.375 0.96875
vt 0.34375 0.7368464352
vt 0.4646330837499999 0.7368464352
vt 0.4646330837499999 0.84
vt 0.34375 0.84
vt 0.03125 0.78375
vt 0.109375 0.78375
vt 0.109375 0.893125
vt 0.03125 0.893125
vt 0.5427580837499999 0.711875
vt 0.421875 0.711875
vt 0.421875 0.6087214352
vt 0.5427580837499999 0.6087214352
vt 0.28125 0.78
vt 0.28125 0.6768464351999999
vt 0.4021330837499999 0.6768464351999999
vt 0.4021330837499999 0.78
vt 0.4021330837499999 0.6168464351999999
vt 0.4021330837499999 0.72
vt 0.28125 0.72
vt 0.28125 0.6168464351999999
vn 0.9760135381079925 0.21685881073624225 0.019230955149990583
vn -0.21681625247787353 0.9762029787152158 -0.004296162123467206
vn -0.9760135381079925 -0.21685881073624208 -0.01923095514999068
vn 0.21681625247787353 -0.9762029787152158 0.004296162123466894
vn 0.01970497630978486 -0.000023528767219572638 -0.9998058378280394
vn -0.019704976309784822 0.00002352876721940151 0.9998058378280394
usemtl m_67a642ec-8361-5812-1330-026ae7fe6796
f 1/1/1 2/2/1 3/3/1 4/4/1
f 5/5/2 1/6/2 4/7/2 6/8/2
f 7/9/3 5/10/3 6/11/3 8/12/3
f 2/13/4 7/14/4 8/15/4 3/16/4
f 8/17/5 6/18/5 4/19/5 3/20/5
f 2/21/6 1/22/6 5/23/6 7/24/6
o cube
v 0.8401748884462934 0.5826479232984063 0.13086708304138184
v 1.0029862884899794 0.44612546772798445 0.13407911368212844
v 1.0071735959558086 0.4461204678649503 -0.07837962685632993
v 0.8443621959121226 0.582642923435372 -0.08159165749707664
v 0.5606444558349262 0.2491613079138988 0.1253657208614255
v 0.5648317633007556 0.24915630805086464 -0.08709301967703287
v 0.7234558558786122 0.11263885234347704 0.1285777515021722
v 0.7276431633444416 0.11263385248044289 -0.08388098903628616
vt 0.5 0.7496875000000001
vt 0.5625 0.7496875000000001
vt 0.5625 0.8121875000000001
vt 0.5 0.8121875000000001
vt 0.5 0.692
vt 0.608794775375 0.692
vt 0.608794775375 0.76
vt 0.5 0.76
vt 0.46875 0.732
vt 0.521875 0.732
vt 0.521875 0.8
vt 0.46875 0.8
vt 0.46875 0.792
vt 0.577544775375 0.792
vt 0.577544775375 0.86
vt 0.46875 0.86
vt 0.671294775375 0.732
vt 0.671294775375 0.8
vt 0.5625 0.8
vt 0.5625 0.732
vt 0.640044775375 0.772
vt 0.640044775375 0.84
vt 0.53125 0.84
vt 0.53125 0.772
vn 0.6423342289366969 0.7663203821944268 0.012641604711700902
vn -0.7661712943232277 0.6424586144490435 -0.015115438309396226
vn -0.6423342289366966 -0.7663203821944272 -0.012641604711701521
vn 0.7661712943232277 -0.6424586144490437 0.015115438309396687
vn 0.019704976309784787 -0.000023528767219661536 -0.9998058378280396
vn -0.019704976309784544 0.000023528767219138032 0.9998058378280396
usemtl m_67a642ec-8361-5812-1330-026ae7fe6796
f 9/25/7 10/26/7 11/27/7 12/28/7
f 13/29/8 9/30/8 12/31/8 14/32/8
f 15/33/9 13/34/9 14/35/9 16/36/9
f 10/37/10 15/38/10 16/39/10 11/40/10
f 16/41/11 14/42/11 12/43/11 11/44/11
f 10/45/12 9/46/12 13/47/12 15/48/12
o cube
v 0.6345774855687678 0.3595896267536631 0.1609818865307162
v 0.7482385349640825 0.11606820163936837 0.1632277406352316
v 0.7535342473473374 0.11606187828317815 -0.10547007828105409
v 0.6398731979520225 0.3595833033974728 -0.10771593238556942
v 0.24032676351325 0.1755056522081846 0.15321600882179953
v 0.24562247589650466 0.17549932885199426 -0.11548181009448616
v 0.35398781290856485 -0.06801577290611022 0.1554618629263148
v 0.3592835252918195 -0.06802209626230049 -0.11323595598997083
vt 0.265625 0.5802499999999999
vt 0.3328125 0.5802499999999999
vt 0.3328125 0.66625
vt 0.265625 0.66625
vt 0.515625 0.5740000000000001
vt 0.624419775375 0.5740000000000001
vt 0.624419775375 0.6599999999999999
vt 0.515625 0.6599999999999999
vt 0.515625 0.714
vt 0.5828125 0.714
vt 0.5828125 0.8
vt 0.515625 0.8
vt 0.546875 0.714
vt 0.655669775375 0.714
vt 0.655669775375 0.8
vt 0.546875 0.8
vt 0.561919775375 0.6739999999999999
vt 0.561919775375 0.76
vt 0.453125 0.76
vt 0.453125 0.6739999999999999
vt 0.593169775375 0.6940000000000001
vt 0.593169775375 0.78
vt 0.484375 0.78
vt 0.484375 0.6940000000000001
vn 0.9059504941680151 0.42300738686891737 0.017845245054620543
vn -0.422924834959311 0.9061262329834221 -0.008356666435405974
vn -0.905950494168015 -0.4230073868689176 -0.017845245054619624
vn 0.4229248349593112 -0.906126232983422 0.008356666435405738
vn 0.019704976309784857 -0.000023528767219716407 -0.9998058378280394
vn -0.019704976309784832 0.000023528767219963927 0.9998058378280394
usemtl m_67a642ec-8361-5812-1330-026ae7fe6796
f 17/49/13 18/50/13 19/51/13 20/52/13
f 21/53/14 17/54/14 20/55/14 22/56/14
f 23/57/15 21/58/15 22/59/15 24/60/15
f 18/61/16 23/62/16 24/63/16 19/64/16
f 24/65/17 22/66/17 20/67/17 19/68/17
f 18/69/18 17/70/18 21/71/18 23/72/18