# Made in Blockbench 4.8.3
mtllib small_horn_up.mtl

o cube
v -0.17790329655477055 -0.07356326542331065 -0.15466401297302756
v -0.19919774829811332 0.4094997527285875 -0.15509506921228122
v -0.18425529202555668 -0.07355568081014191 0.16762828790138762
v -0.20554974376889945 0.40950733734175626 0.16719723166213396
v 0.122781742188102 0.42369896014147046 -0.14874957301454295
v 0.14407619393144477 -0.05936405801042777 -0.14831851677528918
v 0.11642974671731587 0.4237065447546391 0.17354272785987224
v 0.13772419846065864 -0.059356473397259024 0.173973784099126
vt 0 1
vt 0.08058872250000008 1
vt 0.08058872250000008 0.8968464352000002
vt 0 0.8968464352000002
vt 0.34375 0.84
vt 0.46463308374999995 0.84
vt 0.46463308374999995 0.7368464352000001
vt 0.34375 0.7368464352000001
vt 0.015625 0.94
vt 0.09621372250000008 0.94
vt 0.09621372250000008 0.8368464352000001
vt 0.015625 0.8368464352000001
vt 0.40213308374999995 0.4368464352000001
vt 0.28125 0.4368464352000001
vt 0.28125 0.54
vt 0.40213308374999995 0.54
vt 0.40213308374999995 0.78
vt 0.40213308374999995 0.6768464351999999
vt 0.28125 0.6768464351999999
vt 0.28125 0.78
vt 0.28125 0.6168464351999998
vt 0.28125 0.72
vt 0.40213308374999995 0.72
vt 0.40213308374999995 0.6168464351999998
vn -0.04403935414855517 0.9990293992477222 -0.0008914734507958204
vn -0.9988354465049836 -0.04404836983513069 -0.01968481445322053
vn 0.04403935414855517 -0.9990293992477222 0.0008914734507958204
vn 0.9988354465049836 0.04404836983513069 0.01968481445322053
vn 0.019704976309762635 -0.000023528767218839328 -0.9998058378280399
vn -0.019704976309762635 0.000023528767218839328 0.9998058378280399
usemtl m_b24c9b97-5f70-5da2-5df0-580e438c0c86
f 4/4/1 7/3/1 5/2/1 2/1/1
f 3/8/2 4/7/2 2/6/2 1/5/2
f 8/12/3 3/11/3 1/10/3 6/9/3
f 7/16/4 8/15/4 6/14/4 5/13/4
f 6/20/5 1/19/5 2/18/5 5/17/5
f 7/24/6 4/23/6 3/22/6 8/21/6
o cube
v -0.16526498875162476 0.6421358884814425 -0.09273920936860036
v -0.4450813486287001 0.9753822763773514 -0.09826189728483037
v -0.16920598401357734 0.6421405942348863 0.10722195819700753
v -0.4490223438906526 0.9753869821307952 0.10169927028077752
v -0.2919573530843159 1.1040055735875218 -0.09524703355530117
v -0.012140993207240658 0.770759185691613 -0.08972434563907117
v -0.29589834834626844 1.1040102793409656 0.10471413401030683
v -0.016081988469193176 0.7707638914450567 0.11023682192653672
vt 0.5 0.8200000000000001
vt 0.55 0.8200000000000001
vt 0.55 0.756
vt 0.5 0.756
vt 0.5 0.76
vt 0.608794775375 0.76
vt 0.608794775375 0.696
vt 0.5 0.696
vt 0.46875 0.8
vt 0.51875 0.8
vt 0.51875 0.736
vt 0.46875 0.736
vt 0.46875 0.86
vt 0.577544775375 0.86
vt 0.577544775375 0.796
vt 0.46875 0.796
vt 0.5625 0.736
vt 0.5625 0.8
vt 0.671294775375 0.8
vt 0.671294775375 0.736
vt 0.53125 0.776
vt 0.53125 0.84
vt 0.640044775375 0.84
vt 0.640044775375 0.776
vn -0.6429912624769623 0.7657683623759878 -0.012690609216283866
vn -0.7656199777219204 -0.6431164860508518 -0.015074318647645892
vn 0.6429912624769623 -0.7657683623759878 0.012690609216283866
vn 0.7656199777219204 0.6431164860508518 0.015074318647645892
vn 0.019704976309762638 -0.000023528767218840625 -0.9998058378280399
vn -0.019704976309762638 0.000023528767218840625 0.9998058378280399
usemtl m_b24c9b97-5f70-5da2-5df0-580e438c0c86
f 12/28/7 15/27/7 13/26/7 10/25/7
f 11/32/8 12/31/8 10/30/8 9/29/8
f 16/36/9 11/35/9 9/34/9 14/33/9
f 15/40/10 16/39/10 14/38/10 13/37/10
f 14/44/11 9/43/11 10/42/11 13/41/11
f 15/48/12 12/47/12 11/46/12 16/45/12
o cube
v -0.1491171366570503 0.30808759980737954 -0.12992037575722126
v -0.26190816347951235 0.7283899302250756 -0.1321532430027597
v -0.154412849040299 0.30809392316356954 0.13877744315906448
v -0.26720387586276106 0.7283962535812656 0.13654457591352598
v -0.0023958541829184887 0.7980590099642968 -0.12704020556508389
v 0.11039517263954357 0.37775667954660075 -0.12480733831954544
v -0.007691566566167207 0.7980653333204868 0.14165761335120186
v 0.10509946025629491 0.37776300290279086 0.14389048059674026
vt 0.203125 0.76
vt 0.2703125 0.76
vt 0.2703125 0.6739999999999999
vt 0.203125 0.6739999999999999
vt 0.515625 0.6599999999999999
vt 0.624419775375 0.6599999999999999
vt 0.624419775375 0.5740000000000001
vt 0.515625 0.5740000000000001
vt 0.515625 0.8
vt 0.5828125 0.8
vt 0.5828125 0.714
vt 0.515625 0.714
vt 0.546875 0.8
vt 0.655669775375 0.8
vt 0.655669775375 0.714
vt 0.546875 0.714
vt 0.453125 0.6739999999999999
vt 0.453125 0.76
vt 0.561919775375 0.76
vt 0.561919775375 0.6739999999999999
vt 0.484375 0.6940000000000001
vt 0.484375 0.78
vt 0.593169775375 0.78
vt 0.593169775375 0.6940000000000001
vn -0.2591830040406063 0.9658146013192584 -0.005130915611163626
vn -0.9656271973826746 -0.2592337850761721 -0.019025255582049642
vn 0.2591830040406063 -0.9658146013192584 0.005130915611163626
vn 0.9656271973826746 0.2592337850761721 0.019025255582049642
vn 0.019704976309762638 -0.00002352876721883889 -0.9998058378280399
vn -0.019704976309762638 0.00002352876721883889 0.9998058378280399
usemtl m_b24c9b97-5f70-5da2-5df0-580e438c0c86
f 20/52/13 23/51/13 21/50/13 18/49/13
f 19/56/14 20/55/14 18/54/14 17/53/14
f 24/60/15 19/59/15 17/58/15 22/57/15
f 23/64/16 24/63/16 22/62/16 21/61/16
f 22/68/17 17/67/17 18/66/17 21/65/17
f 23/72/18 20/71/18 19/70/18 24/69/18