# Made in Blockbench 4.8.3
mtllib small_horn.mtl

o cube
v -0.13252852862806203 0.13772920593583038 -0.15377470302699653
v 0.33940557644490665 0.24258745305644847 -0.14447591437904123
v -0.13888052409885532 0.13773679054899934 0.16851759784741893
v 0.3330535809741134 0.24259503766961743 0.17781638649537423
v 0.40929735566262393 -0.07209635076496734 -0.14309102551030883
v -0.0626367494103448 -0.17695459788558543 -0.15238981415826414
v 0.4029453601918307 -0.07208876615179849 0.17920127536410657
v -0.0689887448811381 -0.17694701327241658 0.16990248671615138
vt 0 1
vt 0.08058872250000004 1
vt 0.08058872250000004 0.8968464352000001
vt 0 0.8968464352000001
vt 0.34375 0.84
vt 0.4646330837499999 0.84
vt 0.4646330837499999 0.7368464352
vt 0.34375 0.7368464352
vt 0.015625 0.94
vt 0.09621372250000004 0.94
vt 0.09621372250000004 0.8368464352
vt 0.015625 0.8368464352
vt 0.4021330837499999 0.4368464352
vt 0.28125 0.4368464352
vt 0.28125 0.54
vt 0.4021330837499999 0.54
vt 0.4021330837499999 0.78
vt 0.4021330837499999 0.6768464351999999
vt 0.28125 0.6768464351999999
vt 0.28125 0.78
vt 0.28125 0.6168464351999999
vt 0.28125 0.72
vt 0.4021330837499999 0.72
vt 0.4021330837499999 0.6168464351999999
vn 0.9760135381079926 0.21685881073624208 0.019230955149990684
vn -0.21681625247787362 0.9762029787152158 -0.004296162123467145
vn -0.9760135381079926 -0.21685881073624208 -0.019230955149990684
vn 0.21681625247787362 -0.9762029787152158 0.004296162123467145
vn 0.019704976309784843 -0.000023528767219632533 -0.9998058378280396
vn -0.019704976309784843 0.000023528767219632533 0.9998058378280396
usemtl m_b2dbcad5-8ea8-f1d9-bd33-cc414e772b54
f 4/4/1 7/3/1 5/2/1 2/1/1
f 3/8/2 4/7/2 2/6/2 1/5/2
f 8/12/3 3/11/3 1/10/3 6/9/3
f 7/16/4 8/15/4 6/14/4 5/13/4
f 6/20/5 1/19/5 2/18/5 5/17/5
f 7/24/6 4/23/6 3/22/6 8/21/6
o cube
v 0.5648317633007556 0.24915630805086464 -0.08709301967703287
v 0.8443621959121226 0.582642923435372 -0.08159165749707664
v 0.5606444558349262 0.2491613079138988 0.1253657208614255
v 0.8401748884462934 0.5826479232984063 0.13086708304138184
v 1.0071735959558086 0.4461204678649503 -0.07837962685632993
v 0.7276431633444416 0.11263385248044289 -0.08388098903628616
v 1.0029862884899794 0.44612546772798445 0.13407911368212844
v 0.7234558558786122 0.11263885234347704 0.1285777515021722
vt 0.5 0.8200000000000001
vt 0.553125 0.8200000000000001
vt 0.553125 0.752
vt 0.5 0.752
vt 0.5 0.76
vt 0.608794775375 0.76
vt 0.608794775375 0.692
vt 0.5 0.692
vt 0.46875 0.8
vt 0.521875 0.8
vt 0.521875 0.732
vt 0.46875 0.732
vt 0.46875 0.86
vt 0.577544775375 0.86
vt 0.577544775375 0.792
vt 0.46875 0.792
vt 0.5625 0.732
vt 0.5625 0.8
vt 0.671294775375 0.8
vt 0.671294775375 0.732
vt 0.53125 0.772
vt 0.53125 0.84
vt 0.640044775375 0.84
vt 0.640044775375 0.772
vn 0.6423342289366969 0.7663203821944268 0.012641604711701043
vn -0.7661712943232278 0.6424586144490435 -0.01511543830939629
vn -0.6423342289366969 -0.7663203821944268 -0.012641604711701043
vn 0.7661712943232278 -0.6424586144490435 0.01511543830939629
vn 0.01970497630978484 -0.000023528767219633394 -0.9998058378280394
vn -0.01970497630978484 0.000023528767219633394 0.9998058378280394
usemtl m_b2dbcad5-8ea8-f1d9-bd33-cc414e772b54
f 12/28/7 15/27/7 13/26/7 10/25/7
f 11/32/8 12/31/8 10/30/8 9/29/8
f 16/36/9 11/35/9 9/34/9 14/33/9
f 15/40/10 16/39/10 14/38/10 13/37/10
f 14/44/11 9/43/11 10/42/11 13/41/11
f 15/48/12 12/47/12 11/46/12 16/45/12
o cube
v 0.24562247589650466 0.17549932885199426 -0.11548181009448616
v 0.6398731979520225 0.3595833033974728 -0.10771593238556942
v 0.24032676351325 0.1755056522081846 0.15321600882179953
v 0.6345774855687678 0.3595896267536631 0.1609818865307162
v 0.7535342473473374 0.11606187828317815 -0.10547007828105409
v 0.3592835252918195 -0.06802209626230049 -0.11323595598997083
v 0.7482385349640825 0.11606820163936837 0.1632277406352316
v 0.35398781290856485 -0.06801577290611022 0.1554618629263148
vt 0.203125 0.76
vt 0.2703125 0.76
vt 0.2703125 0.6739999999999999
vt 0.203125 0.6739999999999999
vt 0.515625 0.6599999999999999
vt 0.624419775375 0.6599999999999999
vt 0.624419775375 0.5740000000000001
vt 0.515625 0.5740000000000001
vt 0.515625 0.8
vt 0.5828125 0.8
vt 0.5828125 0.714
vt 0.515625 0.714
vt 0.546875 0.8
vt 0.655669775375 0.8
vt 0.655669775375 0.714
vt 0.546875 0.714
vt 0.453125 0.6739999999999999
vt 0.453125 0.76
vt 0.561919775375 0.76
vt 0.561919775375 0.6739999999999999
vt 0.484375 0.6940000000000001
vt 0.484375 0.78
vt 0.593169775375 0.78
vt 0.593169775375 0.6940000000000001
vn 0.9059504941680149 0.4230073868689178 0.017845245054619693
vn -0.4229248349593111 0.9061262329834221 -0.008356666435405823
vn -0.9059504941680149 -0.4230073868689178 -0.017845245054619693
vn 0.4229248349593111 -0.9061262329834221 0.008356666435405823
vn 0.01970497630978484 -0.00002352876721963426 -0.9998058378280394
vn -0.01970497630978484 0.00002352876721963426 0.9998058378280394
usemtl m_b2dbcad5-8ea8-f1d9-bd33-cc414e772b54
f 20/52/13 23/51/13 21/50/13 18/49/13
f 19/56/14 20/55/14 18/54/14 17/53/14
f 24/60/15 19/59/15 17/58/15 22/57/15
f 23/64/16 24/63/16 22/62/16 21/61/16
f 22/68/17 17/67/17 18/66/17 21/65/17
f 23/72/18 20/71/18 19/70/18 24/69/18