# Made in Blockbench 4.12.5
mtllib tripod_campfire.mtl

o cube
v 0.5625 -1.0782225949645474 1.068220101907399
v 0.4375 -1.0782225949645474 1.068220101907399
v 0.4375 1.3093272661784185 0.3268661644684705
v 0.5625 1.3093272661784185 0.3268661644684705
v 0.5625 -1.041154898092601 1.1875975949645472
v 0.5625 1.3463949630503649 0.4462436575256188
v 0.4375 -1.041154898092601 1.1875975949645472
v 0.4375 1.3463949630503649 0.4462436575256188
vt 0.4875 0.475
vt 0.5125 0.475
vt 0.5125 0.975
vt 0.4875 0.975
vt 0.5150005045438337 0.9649957494889412
vt 0.4899997244962514 0.9649953787953065
vt 0.49000746512435206 0.4649955858552668
vt 0.5150070514021787 0.4649955858552668
vt 0.5 0.475
vt 0.525 0.475
vt 0.525 0.975
vt 0.5 0.975
vt 0.4875000000000001 0.4749998363242156
vt 0.5125007800503305 0.4749998363242156
vt 0.5124999132648757 0.975
vt 0.4875003269897971 0.9749996293240658
vt 0.5125 0.8999999999999997
vt 0.4875 0.8999999999999997
vt 0.4875 0.8749999999999998
vt 0.5125 0.8749999999999998
vt 0.4875 0.8749999999999998
vt 0.5125 0.8749999999999998
vt 0.5125 0.8999999999999997
vt 0.4875 0.8999999999999997
vn 0 -0.29654157497557143 -0.9550199444571865
vn 1 0 0
vn 0 0.29654157497557143 0.9550199444571865
vn -1 0 0
vn 0 0.9550199444571867 -0.29654157497557077
vn 0 -0.9550199444571867 0.29654157497557077
usemtl m_fb0420f4-7ad0-b4f0-e869-4adfbf22e1af
f 1/1/1 2/2/1 3/3/1 4/4/1
f 5/5/2 1/6/2 4/7/2 6/8/2
f 7/9/3 5/10/3 6/11/3 8/12/3
f 2/13/4 7/14/4 8/15/4 3/16/4
f 8/17/5 6/18/5 4/19/5 3/20/5
f 2/21/6 1/22/6 5/23/6 7/24/6
o cube
v 1.0739948333839986 -1.0553555046066323 -0.09751032119716668
v 1.1235488606102437 -1.0704351136489936 0.01625260675737432
v 0.33801687438538186 1.2794749970054982 0.6699101780142388
v 0.2884628471591366 1.2945546060478597 0.5561472500596978
v 1.1821663671362588 -1.0078410523773287 -0.1383306116791418
v 0.3966343809113969 1.342069058277163 0.5153269595777227
v 1.2317203943625041 -1.02292066141969 -0.0245676837246008
v 0.44618840813764216 1.3269894492348016 0.6290898875322637
vt 0.5149992335628492 0.9774952246787758
vt 0.4899993547597842 0.9774959007435389
vt 0.48999783960406723 0.4649955964333691
vt 0.5149975553773564 0.46499615969152275
vt 0.5149965293160104 0.9649952247473355
vt 0.48999581505410567 0.9649959008346916
vt 0.4899981364519467 0.45249608444821354
vt 0.5149972173413014 0.45249608444821354
vt 0.5000000000000002 0.46249969583625405
vt 0.5249998788122064 0.46249969583625405
vt 0.525012059996255 0.9749987606814924
vt 0.5000123442473392 0.975
vt 0.49999999999999944 0.46250018386369673
vt 0.5250007142710458 0.46250018386369673
vt 0.525015261667914 0.9749993239568151
vt 0.5000161807877003 0.975
vt 0.512500014656246 0.8874999853437536
vt 0.512500014656246 0.9124999999999994
vt 0.48750000000000016 0.9124999999999994
vt 0.48750000000000016 0.8874999853437536
vt 0.4999999999999993 0.8874999853437545
vt 0.525000014656245 0.8874999853437545
vt 0.525000014656245 0.9125000000000003
vt 0.4999999999999993 0.9125000000000003
vn -0.8653722700180834 -0.38011561783442854 0.32656232385580003
vn -0.3964322178099624 0.12063687233888974 -0.9101034236363276
vn 0.8653722700180826 0.3801156178344286 -0.32656232385580136
vn 0.39643221780996196 -0.12063687233889 0.9101034236363279
vn -0.30654906779506624 0.9170380919627285 0.25508588146609457
vn 0.3065490677950687 -0.9170380919627279 -0.2550858814660935
usemtl m_fb0420f4-7ad0-b4f0-e869-4adfbf22e1af
f 9/25/7 10/26/7 11/27/7 12/28/7
f 13/29/8 9/30/8 12/31/8 14/32/8
f 15/33/9 13/34/9 14/35/9 16/36/9
f 10/37/10 15/38/10 16/39/10 11/40/10
f 16/41/11 14/42/11 12/43/11 11/44/11
f 10/45/12 9/46/12 13/47/12 15/48/12
o cube
v -0.12407834724499452 -1.0703242570941214 0.01649848162028702
v -0.07467346964461073 -1.0557531406347558 -0.09739550695864851
v 0.705441039357133 1.233971087080139 0.533939834884655
v 0.6560361617567492 1.2193999706207732 0.6478338234635905
v -0.23207238157746826 -1.022307697787293 -0.024204080718345906
v 0.5480421274242754 1.2674165299276017 0.6071312611249576
v -0.18266750397708448 -1.0077365813279273 -0.13809806929728144
v 0.5974470050246592 1.2819876463869675 0.4932372725460221
vt 0.4875026378084607 0.4750001587491707
vt 0.5125026760896814 0.4750001587491707
vt 0.512500038281221 0.975
vt 0.48750000000000027 0.975
vt 0.5150042484322536 0.952495564134958
vt 0.4900038934035244 0.9524955641349578
vt 0.4899909899617699 0.4524966068822316
vt 0.5149906756875039 0.45249497071796685
vt 0.5150042484322526 0.9649955641349578
vt 0.4900042101510319 0.9649955641349577
vt 0.4900015723425727 0.4649957228841284
vt 0.5150016106237933 0.4649957228841285
vt 0.5000129034417559 0.4749994065830091
vt 0.5250132584704851 0.4749994065830091
vt 0.5249996857257344 0.975
vt 0.5000000000000003 0.9749983638357355
vt 0.5125007053025513 0.9125000000000004
vt 0.4875000000000004 0.9125000000000004
vt 0.48750119615375426 0.8874989317701885
vt 0.5125010682298123 0.8875004908512034
vt 0.4874999999999995 0.9124988038688817
vt 0.4874999999999995 0.8874989317442088
vt 0.5125010682557907 0.8874992947460655
vt 0.5124995091228157 0.9124999999999999
vn 0.8639522746597901 -0.3841324744546284 0.32562049870906373
vn -0.39523902080307016 -0.1165689316749257 0.9111519086314843
vn -0.86395227465979 0.38413247445462845 -0.3256204987090638
vn 0.3952390208030702 0.11656893167492569 -0.9111519086314843
vn 0.31204580360069656 0.9158896910859577 0.25253413673732206
vn -0.3120458036006973 -0.915889691085958 -0.25253413673732045
usemtl m_fb0420f4-7ad0-b4f0-e869-4adfbf22e1af
f 17/49/13 18/50/13 19/51/13 20/52/13
f 21/53/14 17/54/14 20/55/14 22/56/14
f 23/57/15 21/58/15 22/59/15 24/60/15
f 18/61/16 23/62/16 24/63/16 19/64/16
f 24/65/17 22/66/17 20/67/17 19/68/17
f 18/69/18 17/70/18 21/71/18 23/72/18
o cube
v 0.625 0.859375 0.375
v 0.375 0.859375 0.375
v 0.375 0.984375 0.375
v 0.625 0.984375 0.375
v 0.625 0.859375 0.625
v 0.625 0.984375 0.625
v 0.375 0.859375 0.625
v 0.375 0.984375 0.625
vt 0.5 0.55
vt 0.55 0.55
vt 0.55 0.575
vt 0.5 0.575
vt 0.5 0.5625
vt 0.55 0.5625
vt 0.55 0.5875
vt 0.5 0.5875
vt 0.4875 0.5625
vt 0.5375 0.5625
vt 0.5375 0.5875
vt 0.4875 0.5875
vt 0.475 0.5625
vt 0.525 0.5625
vt 0.525 0.5875
vt 0.475 0.5875
vt 0.4625 0.55
vt 0.5125 0.55
vt 0.5125 0.6
vt 0.4625 0.6
vt 0.4625 0.55
vt 0.5125 0.55
vt 0.5125 0.6
vt 0.4625 0.6
vn 0 0 -1
vn 1 0 0
vn 0 0 1
vn -1 0 0
vn 0 1 0
vn 0 -1 0
usemtl m_fb0420f4-7ad0-b4f0-e869-4adfbf22e1af
f 25/73/19 26/74/19 27/75/19 28/76/19
f 29/77/20 25/78/20 28/79/20 30/80/20
f 31/81/21 29/82/21 30/83/21 32/84/21
f 26/85/22 31/86/22 32/87/22 27/88/22
f 32/89/23 30/90/23 28/91/23 27/92/23
f 26/93/24 25/94/24 29/95/24 31/96/24