# Made in Blockbench 4.10.2
mtllib tusk_s.mtl

o cube
v 0.6649580585602921 2.4129101527554164 0.5654797275277352
v 0.3439777846905212 2.4129101527554164 0.607737582258977
v 0.3954276887565884 2.926606440593991 0.9985384026681217
v 0.7164079626263595 2.926606440593991 0.9562805479368799
v 0.6984834687648647 2.215823640113843 0.8201304999699137
v 0.7499333728309319 2.729519927952418 1.2109313203790586
v 0.37750319489509354 2.215823640113843 0.8623883547011555
v 0.42895309896116074 2.729519927952418 1.2531891751103004
vt 0.13140625 0.88140625
vt 0.13140625 0.8004687499999998
vt 0.29328125 0.8004687499999998
vt 0.29328125 0.88140625
vt 0.10015661060858772 0.8814066106085878
vt 0.10015661060858783 0.8004685922101514
vt 0.262031407789848 0.8004695433985574
vt 0.2620304566014423 0.8814063221813813
vt 0.16265624999999923 0.88140625
vt 0.16265624999999923 0.8004687499999998
vt 0.3245312499999992 0.8004687499999998
vt 0.3245312499999992 0.88140625
vt 0.14062499999999833 0.9218749999999998
vt 0.14062499999999833 0.8409369816015635
vt 0.3024988459928528 0.8409372700287701
vt 0.3024997971812585 0.9218740488115938
vt 0.21874999999999922 0.7628124999999997
vt 0.2996874999999992 0.7628124999999997
vt 0.2996874999999992 0.8437499999999998
vt 0.21874999999999922 0.8437499999999998
vt 0.2996875 0.9218749999999998
vt 0.21875 0.9218749999999998
vt 0.21875 0.8409374999999997
vt 0.2996875 0.8409374999999997
vn -0.103553390593274 0.6087614290087207 -0.7865660924854929
vn 0.9914448613738104 8.27524205531489e-17 -0.13052619222005216
vn 0.10355339059327391 -0.6087614290087208 0.7865660924854929
vn -0.9914448613738105 1.6550484110629782e-17 0.1305261922200514
vn 0.07945931129894562 0.7933533402912356 0.6035533905932733
vn -0.07945931129894572 -0.7933533402912354 -0.6035533905932735
usemtl m_392e98d1-2487-c8ba-ff8b-80169f0228de
f 1/1/1 2/2/1 3/3/1 4/4/1
f 5/5/2 1/6/2 4/7/2 6/8/2
f 7/9/3 5/10/3 6/11/3 8/12/3
f 2/13/4 7/14/4 8/15/4 3/16/4
f 8/17/5 6/18/5 4/19/5 3/20/5
f 2/21/6 1/22/6 5/23/6 7/24/6
o cube
v 0.6704212518420702 2.867030753345104 0.9804650571740074
v 0.4411496276493767 2.867030753345104 1.0106492391248945
v 0.4890192964002791 3.1747653214825347 1.3742554724143525
v 0.7182909205929726 3.1747653214825347 1.3440712904634655
v 0.6898232700086244 2.6898829758738403 1.1278380164577797
v 0.737692938759527 2.9976175440112707 1.4914442497472375
v 0.4605516458159309 2.6898829758738403 1.1580221984086665
v 0.5084213145668333 2.9976175440112707 1.5216284316981246
vt 0.2034375000000005 0.8128125000000006
vt 0.2034375000000005 0.7550000000000006
vt 0.32312500000000044 0.7550000000000006
vt 0.32312500000000044 0.8128125000000006
vt 0.18781263830530895 0.8909376383053088
vt 0.18781263830530895 0.8331248548389429
vt 0.3074995998934591 0.8331243957618021
vt 0.3075006042381967 0.8909359822745775
vt 0.20343750000000027 0.8909374999999999
vt 0.20343750000000027 0.833125
vt 0.3231250000000002 0.833125
vt 0.3231250000000002 0.8909374999999999
vt 0.15624999999999944 0.8749995409228596
vt 0.15624999999999944 0.8171867574564937
vt 0.2759379659328872 0.8171884134872252
vt 0.2759369615881495 0.8750000000000004
vt 0.23437500000000028 0.8484374999999992
vt 0.29218750000000027 0.8484374999999992
vt 0.29218750000000027 0.9062499999999991
vt 0.23437500000000028 0.9062499999999991
vt 0.27656250000000043 0.9218749999999991
vt 0.21875000000000044 0.9218749999999991
vt 0.21875000000000044 0.8640624999999992
vt 0.27656250000000043 0.8640624999999992
vn -0.08390061909861304 0.7660444431189779 -0.6372884725784741
vn 0.9914448613738105 2.3503415947184178e-17 -0.13052619222005132
vn 0.08390061909861238 -0.7660444431189781 0.6372884725784739
vn -0.9914448613738105 -1.096826077535263e-16 0.13052619222005143
vn 0.09998886423165043 0.6427876096865386 0.7594908267142736
vn -0.09998886423165035 -0.64278760968654 -0.7594908267142724
usemtl m_392e98d1-2487-c8ba-ff8b-80169f0228de
f 9/25/7 10/26/7 11/27/7 12/28/7
f 13/29/8 9/30/8 12/31/8 14/32/8
f 15/33/9 13/34/9 14/35/9 16/36/9
f 10/37/10 15/38/10 16/39/10 11/40/10
f 16/41/11 14/42/11 12/43/11 11/44/11
f 10/45/12 9/46/12 13/47/12 15/48/12
o cube
v 0.685627344367159 1.7347918641122568 0.3011071735476134
v 0.2729384208203104 1.7347918641122568 0.35543870105920994
v 0.31010337447354785 2.517085970916525 0.6377345506200278
v 0.7227922980203965 2.517085970916525 0.5834030231084315
v 0.7423550504545742 1.5766075478241346 0.7319968803665617
v 0.7795200041078116 2.3589016546284034 1.0142927299273798
v 0.3296661269077257 1.5766075478241346 0.7863284078781583
v 0.36683108056096314 2.3589016546284034 1.0686242574389762
vt 0.22921874999999994 0.8698437499999994
vt 0.22921874999999994 0.7657812499999993
vt 0.4373437499999999 0.7657812499999993
vt 0.4373437499999999 0.8698437499999994
vt 0.07875085482125083 0.87562585482125
vt 0.07875085482125077 0.7600009554441822
vt 0.2868757265885323 0.7599992734114684
vt 0.2868757265885324 0.8756241727885361
vt 0.3698437499999996 0.8542187499999994
vt 0.3698437499999996 0.7501562499999993
vt 0.5779687499999996 0.7501562499999993
vt 0.5779687499999996 0.8542187499999994
vt 0.09374999999999933 0.9062483179672867
vt 0.09374999999999933 0.790623418590219
vt 0.3018748717672808 0.7906251006229328
vt 0.3018748717672808 0.9062500000000004
vt 0.18749999999999956 0.7437499999999999
vt 0.29156249999999956 0.7437499999999999
vt 0.29156249999999956 0.8593749999999999
vt 0.18749999999999956 0.8593749999999999
vt 0.29156249999999995 0.9218749999999999
vt 0.18749999999999994 0.9218749999999999
vt 0.18749999999999994 0.8062499999999999
vt 0.29156249999999995 0.8062499999999999
vn -0.12265449964846568 0.34202014332566855 -0.9316534201490777
vn 0.9914448613738106 -9.010819126898442e-17 -0.13052619222005135
vn 0.1226544996484657 -0.3420201433256686 0.9316534201490776
vn -0.9914448613738104 3.6043276507593744e-17 0.13052619222005157
vn 0.04464258697085573 0.9396926207859085 0.3390941135865685
vn -0.044642586970856 -0.9396926207859081 -0.3390941135865693
usemtl m_392e98d1-2487-c8ba-ff8b-80169f0228de
f 17/49/13 18/50/13 19/51/13 20/52/13
f 21/53/14 17/54/14 20/55/14 22/56/14
f 23/57/15 21/58/15 22/59/15 24/60/15
f 18/61/16 23/62/16 24/63/16 19/64/16
f 24/65/17 22/66/17 20/67/17 19/68/17
f 18/69/18 17/70/18 21/71/18 23/72/18
o cube
v 0.7175063774759258 1.0291637583306494 0.16976421358563643
v 0.21310880425199974 1.0291637583306494 0.23616941387758772
v 0.22650421379210972 1.8086872805858079 0.3379176509835162
v 0.7309017870160357 1.8086872805858079 0.27151245069156493
v 0.7893286624918752 0.9567217216485209 0.7153086303808527
v 0.8027240720319853 1.7362452439036788 0.8170568674867813
v 0.2849310892679492 0.9567217216485209 0.7817138306728042
v 0.29832649880805917 1.7362452439036788 0.8834620677787326
vt 0.13718749999999952 0.8715624999999996
vt 0.13718749999999952 0.7443749999999996
vt 0.3337499999999995 0.7443749999999996
vt 0.3337499999999995 0.8715624999999996
vt 0.04921905206303506 0.8929690520630342
vt 0.04921905206303512 0.7542179174780053
vt 0.24578208252199546 0.7542187159124956
vt 0.24578187857166423 0.892968301365344
vt 0.059062500000000295 0.8715624999999996
vt 0.059062500000000295 0.7443749999999996
vt 0.25562500000000027 0.7443749999999996
vt 0.25562500000000027 0.8715624999999996
vt 0.29031303045896084 0.7831238654149705
vt 0.2903130304589609 0.9218749999999994
vt 0.09375020395033168 0.9218742493023093
vt 0.0937500000000005 0.7831246638494608
vt 0.17187500000000028 0.7206250000000002
vt 0.2990625000000003 0.7206250000000002
vt 0.2990625000000003 0.8593750000000002
vt 0.17187500000000028 0.8593750000000002
vt 0.2990624999999995 0.9062500000000002
vt 0.1718749999999995 0.9062500000000002
vt 0.1718749999999995 0.7675000000000002
vt 0.2990624999999995 0.7675000000000002
vn -0.12940952255126045 0.1305261922200516 -0.9829629131445341
vn 0.9914448613738105 1.749159006986168e-16 -0.13052619222005132
vn 0.1294095225512609 -0.13052619222005185 0.9829629131445341
vn -0.9914448613738106 -3.180289103611215e-17 0.13052619222005146
vn 0.017037086855465962 0.9914448613738105 0.1294095225512611
vn -0.01703708685546586 -0.9914448613738105 -0.12940952255126034
usemtl m_392e98d1-2487-c8ba-ff8b-80169f0228de
f 25/73/19 26/74/19 27/75/19 28/76/19
f 29/77/20 25/78/20 28/79/20 30/80/20
f 31/81/21 29/82/21 30/83/21 32/84/21
f 26/85/22 31/86/22 32/87/22 27/88/22
f 32/89/23 30/90/23 28/91/23 27/92/23
f 26/93/24 25/94/24 29/95/24 31/96/24
o cube
v 0.7787224191385294 0 0.1367618713989872
v 0.1367618713989872 0 0.22127758086147065
v 0.1367618713989872 1.06375 0.22127758086147065
v 0.7787224191385294 1.06375 0.1367618713989872
v 0.8632381286010129 0 0.7787224191385294
v 0.8632381286010129 1.06375 0.7787224191385294
v 0.22127758086147065 0 0.8632381286010129
v 0.22127758086147065 1.06375 0.8632381286010129
vt 0 0.86984375
vt 0 0.70796875
vt 0.26078125000000074 0.70796875
vt 0.26078125000000074 0.86984375
vt 0.03125 0.94796875
vt 0.03125 0.78609375
vt 0.29203124999999996 0.78609375
vt 0.29203124999999996 0.94796875
vt 0 0.72921875
vt 0 0.56734375
vt 0.26078124999999996 0.56734375
vt 0.26078124999999996 0.72921875
vt 0.046875 0.77609375
vt 0.046875 0.61421875
vt 0.3076562500000002 0.61421875
vt 0.3076562500000002 0.77609375
vt 0.14062500000000067 0.7131246208377999
vt 0.3025003791622014 0.7131246208377999
vt 0.30250037916220146 0.8750000000000006
vt 0.14062500000000078 0.8750000000000007
vt 0.046875 0.9218749999999992
vt 0.046875000000000056 0.7599996208377986
vt 0.2087503791622008 0.7599996208377986
vt 0.20875037916220074 0.9218749999999993
vn -0.13052619222005166 0 -0.9914448613738104
vn 0.9914448613738104 0 -0.13052619222005182
vn 0.1305261922200518 0 0.9914448613738104
vn -0.9914448613738104 0 0.13052619222005163
vn 0 1 0
vn 0 -1 0
usemtl m_392e98d1-2487-c8ba-ff8b-80169f0228de
f 33/97/25 34/98/25 35/99/25 36/100/25
f 37/101/26 33/102/26 36/103/26 38/104/26
f 39/105/27 37/106/27 38/107/27 40/108/27
f 34/109/28 39/110/28 40/111/28 35/112/28
f 40/113/29 38/114/29 36/115/29 35/116/29
f 34/117/30 33/118/30 37/119/30 39/120/30