# Made in Blockbench 4.8.3
mtllib tusk_s_2.mtl

o cube
v 0.726924636788651 1.7362452439036788 0.8750628350376717
v 0.774882249662594 1.8086872805858079 0.32690481157292484
v 0.7358691010989951 0.9567217216485209 0.7728271401502576
v 0.783826713972938 1.0291637583306494 0.22466911668551048
v 0.26806819700841844 1.8086872805858079 0.2825643274500538
v 0.2201105841344756 1.7362452439036788 0.8307223509148007
v 0.27701266131876245 1.0291637583306494 0.1803286325626393
v 0.2290550484448196 0.9567217216485209 0.7284866560273864
vt 0.4778125 0.7172000000000001
vt 0.4778125 0.88
vt 0.28125 0.88
vt 0.28125 0.7172000000000001
vt 0.4309375 0.7824
vt 0.4309375 0.96
vt 0.234375 0.96
vt 0.234375 0.7824
vt 0.4309375 0.8171999999999999
vt 0.4309375 0.98
vt 0.234375 0.98
vt 0.234375 0.8171999999999999
vt 0.7278125 0.7824
vt 0.7278125 0.96
vt 0.53125 0.96
vt 0.53125 0.7824
vt 0.84375 0.42000000000000004
vt 0.84375 0.5800000000000001
vt 0.96875 0.5800000000000001
vt 0.96875 0.42000000000000004
vt 0.671875 0.76
vt 0.7990625 0.76
vt 0.7990625 0.5824
vt 0.671875 0.5824
vn 0.08641011328638346 0.1305261922200516 -0.9876721143508957
vn 0.9961946980917457 0 0.0871557427476582
vn -0.08641011328638346 -0.1305261922200516 0.9876721143508957
vn -0.9961946980917457 0 -0.0871557427476582
vn -0.011376107230962197 0.9914448613738104 0.13002950065171942
vn 0.011376107230962197 -0.9914448613738104 -0.13002950065171942
usemtl m_b3089d9c-7db8-69bd-9fc9-f535b1fcb4c5
f 4/4/1 7/3/1 5/2/1 2/1/1
f 3/8/2 4/7/2 2/6/2 1/5/2
f 8/12/3 3/11/3 1/10/3 6/9/3
f 7/16/4 8/15/4 6/14/4 5/13/4
f 6/20/5 1/19/5 2/18/5 5/17/5
f 7/24/6 4/23/6 3/22/6 8/21/6
o cube
v 0.7943013617926482 1.06375 0.8507347052217569
v 0.8507347052217569 1.06375 0.2056986382073518
v 0.7943013617926482 0 0.8507347052217569
v 0.8507347052217569 0 0.2056986382073518
v 0.2056986382073518 1.06375 0.14926529477824313
v 0.14926529477824313 1.06375 0.7943013617926482
v 0.2056986382073518 0 0.14926529477824313
v 0.14926529477824313 0 0.7943013617926482
vt 0.2971875 0.76
vt 0.2971875 0.5528
vt 0.03125 0.5528
vt 0.03125 0.76
vt 0.2971875 0.7928
vt 0.2971875 1
vt 0.03125 1
vt 0.03125 0.7928
vt 0.2971875 0.7
vt 0.2971875 0.4928
vt 0.03125 0.4928
vt 0.03125 0.7
vt 0.4534375 0.98
vt 0.4534375 0.7728
vt 0.1875 0.7728
vt 0.1875 0.98
vt 0.84375 0.5800000000000001
vt 0.96875 0.5800000000000001
vt 0.96875 0.42000000000000004
vt 0.84375 0.42000000000000004
vt 0 1
vt 0.161875 1
vt 0.161875 0.7928
vt 0 0.7928
vn 0.08715574274765818 0 -0.9961946980917455
vn 0.9961946980917455 0 0.08715574274765818
vn -0.08715574274765818 0 0.9961946980917455
vn -0.9961946980917455 0 -0.08715574274765818
vn 0 1 0
vn 0 -1 0
usemtl m_b3089d9c-7db8-69bd-9fc9-f535b1fcb4c5
f 12/28/7 15/27/7 13/26/7 10/25/7
f 11/32/8 12/31/8 10/30/8 9/29/8
f 16/36/9 11/35/9 9/34/9 14/33/9
f 15/40/10 16/39/10 14/38/10 13/37/10
f 14/44/11 9/43/11 10/42/11 13/41/11
f 15/48/12 12/47/12 11/46/12 16/45/12
o cube
v 0.5901352534215072 2.729519927952418 1.2481748921483518
v 0.6125210441781501 2.926606440593991 0.9923041329612521
v 0.6244896962111515 2.215823640113843 0.8555018142304975
v 0.6468754869677942 2.4129101527554164 0.5996310550433979
v 0.29000301067094747 2.926606440593991 0.9640874612466976
v 0.26761721991430465 2.729519927952418 1.2199582204337975
v 0.32435745346059164 2.4129101527554164 0.5714143833288434
v 0.3019716627039487 2.215823640113843 0.8272851425159433
vt 0.625 0.8364
vt 0.625 0.94
vt 0.786875 0.94
vt 0.786875 0.8364
vt 0.703125 0.8964
vt 0.703125 1
vt 0.865 1
vt 0.865 0.8964
vt 0.78125 0.7363999999999999
vt 0.78125 0.84
vt 0.943125 0.84
vt 0.943125 0.7363999999999999
vt 0.78125 0.8764
vt 0.78125 0.98
vt 0.943125 0.98
vt 0.943125 0.8764
vt 0.875 0.54
vt 0.9559375 0.54
vt 0.9559375 0.4363999999999999
vt 0.875 0.4363999999999999
vt 0.84375 0.88
vt 0.9246875 0.88
vt 0.9246875 0.7764
vt 0.84375 0.7764
vn 0.0691452996344182 0.6087614290087207 -0.7903343913115048
vn 0.9961946980917455 -6.938893903907228e-18 0.08715574274765817
vn -0.0691452996344182 -0.6087614290087207 0.7903343913115048
vn -0.9961946980917455 6.938893903907228e-18 -0.08715574274765817
vn -0.05305705450138083 0.7933533402912352 0.6064449079812421
vn 0.05305705450138083 -0.7933533402912352 -0.6064449079812421
usemtl m_b3089d9c-7db8-69bd-9fc9-f535b1fcb4c5
f 20/52/13 23/51/13 21/50/13 18/49/13
f 19/56/14 20/55/14 18/54/14 17/53/14
f 24/60/15 19/59/15 17/58/15 22/57/15
f 23/64/16 24/63/16 22/62/16 21/61/16
f 22/68/17 17/67/17 18/66/17 21/65/17
f 23/72/18 20/71/18 19/70/18 24/69/18
o cube
v 0.5174708563750847 2.9976175440112707 1.5193892302111713
v 0.5304260899213049 3.1747653214825347 1.371310233183387
v 0.5494346826700829 2.6898829758738403 1.1540410238629641
v 0.5623899162163031 2.867030753345104 1.00596202683518
v 0.3000560659875888 3.1747653214825347 1.351155467672991
v 0.28710083244136864 2.9976175440112707 1.4992344647007754
v 0.332019892282587 2.867030753345104 0.9858072613247839
v 0.3190646587363668 2.6898829758738403 1.1338862583525682
vt 0.84375 0.44600000000000006
vt 0.84375 0.52
vt 0.9634375000000001 0.52
vt 0.9634375000000001 0.44600000000000006
vt 0.84375 0.926
vt 0.84375 1
vt 0.9634375000000001 1
vt 0.9634375000000001 0.926
vt 0.8125 0.88
vt 0.8703125 0.88
vt 0.8703125 0.7267999999999999
vt 0.8125 0.7267999999999999
vt 0.875 0.8260000000000001
vt 0.875 0.9
vt 0.9946875000000001 0.9
vt 0.9946875000000001 0.8260000000000001
vt 0.890625 0.88
vt 0.9484375 0.88
vt 0.9484375 0.806
vt 0.890625 0.806
vt 0.78125 0.92
vt 0.8390625 0.92
vt 0.8390625 0.846
vt 0.78125 0.846
vn 0.05602263155122213 0.7660444431189781 -0.6403416087687968
vn 0.9961946980917457 0 0.08715574274765818
vn -0.05602263155122213 -0.7660444431189781 0.6403416087687968
vn -0.9961946980917457 0 -0.08715574274765818
vn -0.06676517241775072 0.6427876096865393 0.7631294127377697
vn 0.06676517241775072 -0.6427876096865393 -0.7631294127377697
usemtl m_b3089d9c-7db8-69bd-9fc9-f535b1fcb4c5
f 28/76/19 31/75/19 29/74/19 26/73/19
f 27/80/20 28/79/20 26/78/20 25/77/20
f 32/84/21 27/83/21 25/82/21 30/81/21
f 31/88/22 32/87/22 30/86/22 29/85/22
f 30/92/23 25/91/23 26/90/23 29/89/23
f 31/96/24 28/95/24 27/94/24 32/93/24
o cube
v 0.6615809440039486 2.3589016546284034 1.062601140495983
v 0.6994595128515275 2.517085970916525 0.6296471174144105
v 0.686396952842768 1.5766075478241346 0.7789528615224928
v 0.7242755216903467 1.7347918641122568 0.3459988384409203
v 0.2847934697708385 2.517085970916525 0.5933685394956978
v 0.24691490092325963 2.3589016546284034 1.02632256257727
v 0.3096094786096576 1.7347918641122568 0.3097202605222076
v 0.2717309097620788 1.5766075478241346 0.7426742836037801
vt 0.6925 0.8068
vt 0.6925 0.94
vt 0.484375 0.94
vt 0.484375 0.8068
vt 0.671875 0.752
vt 0.671875 0.9
vt 0.88 0.9
vt 0.88 0.752
vt 0.72375 0.8200000000000001
vt 0.72375 0.6868000000000001
vt 0.515625 0.6868000000000001
vt 0.515625 0.8200000000000001
vt 0.864375 0.92
vt 0.864375 0.772
vt 0.65625 0.772
vt 0.65625 0.92
vt 0.859375 0.42679999999999996
vt 0.859375 0.56
vt 0.975 0.56
vt 0.975 0.42679999999999996
vt 0.78125 0.8668
vt 0.78125 1
vt 0.896875 1
vt 0.896875 0.8668
vn 0.08189960831908935 0.3420201433256686 -0.9361168066628592
vn 0.9961946980917455 3.469446951953614e-18 0.0871557427476582
vn -0.08189960831908935 -0.3420201433256686 0.9361168066628592
vn -0.9961946980917455 -3.469446951953614e-18 -0.0871557427476582
vn -0.029809019626209157 0.9396926207859084 0.34071865342161
vn 0.029809019626209157 -0.9396926207859084 -0.34071865342161
usemtl m_b3089d9c-7db8-69bd-9fc9-f535b1fcb4c5
f 36/100/25 39/99/25 37/98/25 34/97/25
f 35/104/26 36/103/26 34/102/26 33/101/26
f 40/108/27 35/107/27 33/106/27 38/105/27
f 39/112/28 40/111/28 38/110/28 37/109/28
f 38/116/29 33/115/29 34/114/29 37/113/29
f 39/120/30 36/119/30 35/118/30 40/117/30