# Made in Blockbench 4.8.3
mtllib tusk_s.mtl

o cube
v 0.7499333728309319 2.729519927952418 1.2109313203790586
v 0.7164079626263595 2.926606440593991 0.9562805479368799
v 0.6984834687648647 2.215823640113843 0.8201304999699137
v 0.6649580585602921 2.4129101527554164 0.5654797275277352
v 0.3954276887565884 2.926606440593991 0.9985384026681217
v 0.42895309896116074 2.729519927952418 1.2531891751103004
v 0.3439777846905212 2.4129101527554164 0.607737582258977
v 0.37750319489509354 2.215823640113843 0.8623883547011555
vt 0.53125 0.7163999999999999
vt 0.53125 0.8200000000000001
vt 0.693125 0.8200000000000001
vt 0.693125 0.7163999999999999
vt 0.484375 0.8363999999999999
vt 0.484375 0.94
vt 0.64625 0.94
vt 0.64625 0.8363999999999999
vt 0.6875 0.6764
vt 0.6875 0.78
vt 0.849375 0.78
vt 0.849375 0.6764
vt 0.671875 0.7964
vt 0.671875 0.9
vt 0.83375 0.9
vt 0.83375 0.7964
vt 0.84375 0.5800000000000001
vt 0.9246875 0.5800000000000001
vt 0.9246875 0.47639999999999993
vt 0.84375 0.47639999999999993
vt 0.84375 0.88
vt 0.9246875 0.88
vt 0.9246875 0.7764
vt 0.84375 0.7764
vn -0.10355339059327377 0.6087614290087207 -0.7865660924854933
vn 0.9914448613738104 0 -0.13052619222005157
vn 0.10355339059327377 -0.6087614290087207 0.7865660924854933
vn -0.9914448613738104 0 0.13052619222005157
vn 0.07945931129894557 0.7933533402912353 0.6035533905932738
vn -0.07945931129894557 -0.7933533402912353 -0.6035533905932738
usemtl m_c6a97510-5565-5984-e9da-25b9dd9bd427
f 4/4/1 7/3/1 5/2/1 2/1/1
f 3/8/2 4/7/2 2/6/2 1/5/2
f 8/12/3 3/11/3 1/10/3 6/9/3
f 7/16/4 8/15/4 6/14/4 5/13/4
f 6/20/5 1/19/5 2/18/5 5/17/5
f 7/24/6 4/23/6 3/22/6 8/21/6
o cube
v 0.737692938759527 2.9976175440112707 1.4914442497472375
v 0.7182909205929726 3.1747653214825347 1.3440712904634655
v 0.6898232700086244 2.6898829758738403 1.1278380164577797
v 0.6704212518420702 2.867030753345104 0.9804650571740074
v 0.4890192964002791 3.1747653214825347 1.3742554724143525
v 0.5084213145668333 2.9976175440112707 1.5216284316981246
v 0.4411496276493767 2.867030753345104 1.0106492391248945
v 0.4605516458159309 2.6898829758738403 1.1580221984086665
vt 0.859375 0.44600000000000006
vt 0.859375 0.52
vt 0.9790625000000001 0.52
vt 0.9790625000000001 0.44600000000000006
vt 0.6875 0.866
vt 0.6875 0.94
vt 0.8071875000000001 0.94
vt 0.8071875000000001 0.866
vt 0.859375 0.88
vt 0.9171875 0.88
vt 0.9171875 0.7267999999999999
vt 0.859375 0.7267999999999999
vt 0.65625 0.706
vt 0.65625 0.78
vt 0.7759375000000001 0.78
vt 0.7759375000000001 0.706
vt 0.890625 0.88
vt 0.9484375 0.88
vt 0.9484375 0.806
vt 0.890625 0.806
vt 0.78125 0.92
vt 0.8390625 0.92
vt 0.8390625 0.846
vt 0.78125 0.846
vn -0.08390061909861271 0.766044443118978 -0.6372884725784739
vn 0.9914448613738105 1.387778780781446e-17 -0.1305261922200516
vn 0.08390061909861271 -0.766044443118978 0.6372884725784739
vn -0.9914448613738105 -1.387778780781446e-17 0.1305261922200516
vn 0.09998886423165011 0.6427876096865394 0.7594908267142731
vn -0.09998886423165011 -0.6427876096865394 -0.7594908267142731
usemtl m_c6a97510-5565-5984-e9da-25b9dd9bd427
f 12/28/7 15/27/7 13/26/7 10/25/7
f 11/32/8 12/31/8 10/30/8 9/29/8
f 16/36/9 11/35/9 9/34/9 14/33/9
f 15/40/10 16/39/10 14/38/10 13/37/10
f 14/44/11 9/43/11 10/42/11 13/41/11
f 15/48/12 12/47/12 11/46/12 16/45/12
o cube
v 0.7795200041078116 2.3589016546284034 1.0142927299273798
v 0.7227922980203965 2.517085970916525 0.5834030231084315
v 0.7423550504545742 1.5766075478241346 0.7319968803665617
v 0.685627344367159 1.7347918641122568 0.3011071735476134
v 0.31010337447354785 2.517085970916525 0.6377345506200278
v 0.36683108056096314 2.3589016546284034 1.0686242574389762
v 0.2729384208203104 1.7347918641122568 0.35543870105920994
v 0.3296661269077257 1.5766075478241346 0.7863284078781583
vt 0.520625 0.4668
vt 0.520625 0.6
vt 0.3125 0.6
vt 0.3125 0.4668
vt 0.484375 0.712
vt 0.484375 0.86
vt 0.6925 0.86
vt 0.6925 0.712
vt 0.63 1
vt 0.63 0.8668
vt 0.421875 0.8668
vt 0.421875 1
vt 0.84875 0.76
vt 0.84875 0.6120000000000001
vt 0.640625 0.6120000000000001
vt 0.640625 0.76
vt 0.828125 0.42679999999999996
vt 0.828125 0.56
vt 0.94375 0.56
vt 0.94375 0.42679999999999996
vt 0.78125 0.8668
vt 0.78125 1
vt 0.896875 1
vt 0.896875 0.8668
vn -0.12265449964846552 0.3420201433256686 -0.9316534201490776
vn 0.9914448613738105 0 -0.13052619222005157
vn 0.12265449964846552 -0.3420201433256686 0.9316534201490776
vn -0.9914448613738105 0 0.13052619222005157
vn 0.04464258697085582 0.9396926207859084 0.3390941135865683
vn -0.04464258697085582 -0.9396926207859084 -0.3390941135865683
usemtl m_c6a97510-5565-5984-e9da-25b9dd9bd427
f 20/52/13 23/51/13 21/50/13 18/49/13
f 19/56/14 20/55/14 18/54/14 17/53/14
f 24/60/15 19/59/15 17/58/15 22/57/15
f 23/64/16 24/63/16 22/62/16 21/61/16
f 22/68/17 17/67/17 18/66/17 21/65/17
f 23/72/18 20/71/18 19/70/18 24/69/18
o cube
v 0.8027240720319853 1.7362452439036788 0.8170568674867813
v 0.7309017870160357 1.8086872805858079 0.27151245069156493
v 0.7893286624918752 0.9567217216485209 0.7153086303808527
v 0.7175063774759258 1.0291637583306494 0.16976421358563643
v 0.22650421379210972 1.8086872805858079 0.3379176509835162
v 0.29832649880805917 1.7362452439036788 0.8834620677787326
v 0.21310880425199974 1.0291637583306494 0.23616941387758772
v 0.2849310892679492 0.9567217216485209 0.7817138306728042
vt 0.4153125 0.7772
vt 0.4153125 0.94
vt 0.21875 0.94
vt 0.21875 0.7772
vt 0.5090625 0.6424000000000001
vt 0.5090625 0.8200000000000001
vt 0.3125 0.8200000000000001
vt 0.3125 0.6424000000000001
vt 0.3684375 0.5972
vt 0.3684375 0.76
vt 0.171875 0.76
vt 0.171875 0.5972
vt 0.7278125 0.7024
vt 0.7278125 0.88
vt 0.53125 0.88
vt 0.53125 0.7024
vt 0.84375 0.42000000000000004
vt 0.84375 0.5800000000000001
vt 0.96875 0.5800000000000001
vt 0.96875 0.42000000000000004
vt 0.671875 0.76
vt 0.7990625 0.76
vt 0.7990625 0.5824
vt 0.671875 0.5824
vn -0.12940952255126037 0.13052619222005157 -0.9829629131445341
vn 0.9914448613738105 3.469446951953615e-18 -0.1305261922200516
vn 0.12940952255126037 -0.13052619222005157 0.9829629131445341
vn -0.9914448613738105 -3.469446951953615e-18 0.1305261922200516
vn 0.017037086855465854 0.9914448613738105 0.1294095225512604
vn -0.017037086855465854 -0.9914448613738105 -0.1294095225512604
usemtl m_c6a97510-5565-5984-e9da-25b9dd9bd427
f 28/76/19 31/75/19 29/74/19 26/73/19
f 27/80/20 28/79/20 26/78/20 25/77/20
f 32/84/21 27/83/21 25/82/21 30/81/21
f 31/88/22 32/87/22 30/86/22 29/85/22
f 30/92/23 25/91/23 26/90/23 29/89/23
f 31/96/24 28/95/24 27/94/24 32/93/24
o cube
v 0.8632381286010129 1.06375 0.7787224191385294
v 0.7787224191385294 1.06375 0.1367618713989872
v 0.8632381286010129 0 0.7787224191385294
v 0.7787224191385294 0 0.1367618713989872
v 0.1367618713989872 1.06375 0.22127758086147065
v 0.22127758086147065 1.06375 0.8632381286010129
v 0.1367618713989872 0 0.22127758086147065
v 0.22127758086147065 0 0.8632381286010129
vt 0.3128125 0.8200000000000001
vt 0.3128125 0.6128
vt 0.046875 0.6128
vt 0.046875 0.8200000000000001
vt 0.2971875 0.4528
vt 0.2971875 0.6599999999999999
vt 0.03125 0.6599999999999999
vt 0.03125 0.4528
vt 0.4065625 0.64
vt 0.4065625 0.43279999999999996
vt 0.140625 0.43279999999999996
vt 0.140625 0.64
vt 0.4534375 0.8
vt 0.4534375 0.5928
vt 0.1875 0.5928
vt 0.1875 0.8
vt 0.859375 0.5800000000000001
vt 0.984375 0.5800000000000001
vt 0.984375 0.42000000000000004
vt 0.859375 0.42000000000000004
vt 0 1
vt 0.161875 1
vt 0.161875 0.7928
vt 0 0.7928
vn -0.13052619222005157 0 -0.9914448613738104
vn 0.9914448613738104 0 -0.13052619222005157
vn 0.13052619222005157 0 0.9914448613738104
vn -0.9914448613738104 0 0.13052619222005157
vn 0 1 0
vn 0 -1 0
usemtl m_c6a97510-5565-5984-e9da-25b9dd9bd427
f 36/100/25 39/99/25 37/98/25 34/97/25
f 35/104/26 36/103/26 34/102/26 33/101/26
f 40/108/27 35/107/27 33/106/27 38/105/27
f 39/112/28 40/111/28 38/110/28 37/109/28
f 38/116/29 33/115/29 34/114/29 37/113/29
f 39/120/30 36/119/30 35/118/30 40/117/30