# Made in Blockbench 4.8.3
mtllib tusk_s_r.mtl

o cube
v 1.1517637862201573 2.729519927952418 0.878277675950514
v 0.9608884171330656 2.926606440593991 0.7064127216676539
v 0.8588361421382169 2.215823640113843 0.6145244405324966
v 0.6679607730511252 2.4129101527554164 0.44265948624963647
v 0.7442573833243853 2.926606440593991 0.9470058589159605
v 0.935132752411477 2.729519927952418 1.1188708131988205
v 0.4513297392424449 2.4129101527554164 0.6832526234979428
v 0.6422051083295366 2.215823640113843 0.8551175777808031
vt 0.828125 0.45640000000000003
vt 0.828125 0.56
vt 0.99 0.56
vt 0.99 0.45640000000000003
vt 0.484375 0.8363999999999999
vt 0.484375 0.94
vt 0.64625 0.94
vt 0.64625 0.8363999999999999
vt 0.6875 0.6764
vt 0.6875 0.78
vt 0.849375 0.78
vt 0.849375 0.6764
vt 0.671875 0.7964
vt 0.671875 0.9
vt 0.83375 0.9
vt 0.83375 0.7964
vt 0.84375 0.5800000000000001
vt 0.9246875 0.5800000000000001
vt 0.9246875 0.47639999999999993
vt 0.84375 0.47639999999999993
vt 0.84375 0.88
vt 0.9246875 0.88
vt 0.9246875 0.7764
vt 0.84375 0.7764
vn -0.5895764296126377 0.6087614290087207 -0.5308570016458998
vn 0.6691306063588582 0 -0.7431448254773942
vn 0.5895764296126377 -0.6087614290087207 0.5308570016458998
vn -0.6691306063588582 0 0.7431448254773942
vn 0.4523979059180549 0.7933533402912353 0.4073409041204904
vn -0.4523979059180549 -0.7933533402912353 -0.4073409041204904
usemtl m_c6a97510-5565-5984-e9da-25b9dd9bd427
f 4/4/1 7/3/1 5/2/1 2/1/1
f 3/8/2 4/7/2 2/6/2 1/5/2
f 8/12/3 3/11/3 1/10/3 6/9/3
f 7/16/4 8/15/4 6/14/4 5/13/4
f 6/20/5 1/19/5 2/18/5 5/17/5
f 7/24/6 4/23/6 3/22/6 8/21/6
o cube
v 1.3246346616402735 2.9976175440112707 1.0995309068884058
v 1.2141701704982562 3.1747653214825347 1.0000682323128305
v 1.052090921380262 2.6898829758738403 0.8541314209102313
v 0.9416264302382447 2.867030753345104 0.754668746334656
v 1.0594337177777702 3.1747653214825347 1.171920473204478
v 1.1698982089197876 2.9976175440112707 1.2713831477800532
v 0.7868899775177587 2.867030753345104 0.9265209872263034
v 0.8973544686597761 2.6898829758738403 1.0259836618018787
vt 0.859375 0.44600000000000006
vt 0.859375 0.52
vt 0.9790625000000001 0.52
vt 0.9790625000000001 0.44600000000000006
vt 0.6875 0.866
vt 0.6875 0.94
vt 0.8071875000000001 0.94
vt 0.8071875000000001 0.866
vt 0.859375 0.88
vt 0.9171875 0.88
vt 0.9171875 0.7267999999999999
vt 0.859375 0.7267999999999999
vt 0.65625 0.706
vt 0.65625 0.78
vt 0.7759375000000001 0.78
vt 0.7759375000000001 0.706
vt 0.890625 0.56
vt 0.9484375 0.56
vt 0.9484375 0.486
vt 0.890625 0.486
vt 0.78125 0.92
vt 0.8390625 0.92
vt 0.8390625 0.846
vt 0.78125 0.846
vn -0.47768428601953467 0.7660444431189781 -0.43010886302951523
vn 0.6691306063588583 -2.775557561562892e-17 -0.7431448254773941
vn 0.47768428601953467 -0.7660444431189781 0.43010886302951523
vn -0.6691306063588583 2.775557561562892e-17 0.7431448254773941
vn 0.5692819639895806 0.6427876096865393 0.5125837827220358
vn -0.5692819639895806 -0.6427876096865393 -0.5125837827220358
usemtl m_c6a97510-5565-5984-e9da-25b9dd9bd427
f 12/28/7 15/27/7 13/26/7 10/25/7
f 11/32/8 12/31/8 10/30/8 9/29/8
f 16/36/9 11/35/9 9/34/9 14/33/9
f 15/40/10 16/39/10 14/38/10 13/37/10
f 14/44/11 9/43/11 10/42/11 13/41/11
f 15/48/12 12/47/12 11/46/12 16/45/12
o cube
v 1.0465550883498642 2.3589016546284034 0.709537538764442
v 0.7235785230870575 2.517085970916525 0.4187281331883854
v 0.8349581473317094 1.5766075478241346 0.5190147973106438
v 0.5119815820689027 1.7347918641122568 0.2282053917345872
v 0.4450529081901826 2.517085970916525 0.7280621667933507
v 0.7680294734529896 2.3589016546284034 1.0188715723694073
v 0.23345596717202788 1.7347918641122568 0.5375394253395527
v 0.5564325324348345 1.5766075478241346 0.8283488309156091
vt 0.520625 0.4668
vt 0.520625 0.6
vt 0.3125 0.6
vt 0.3125 0.4668
vt 0.375 0.492
vt 0.375 0.64
vt 0.583125 0.64
vt 0.583125 0.492
vt 0.63 1
vt 0.63 0.8668
vt 0.421875 0.8668
vt 0.421875 1
vt 0.84875 0.76
vt 0.84875 0.6120000000000001
vt 0.640625 0.6120000000000001
vt 0.640625 0.76
vt 0.828125 0.42679999999999996
vt 0.828125 0.56
vt 0.94375 0.56
vt 0.94375 0.42679999999999996
vt 0.78125 0.8668
vt 0.78125 1
vt 0.896875 1
vt 0.896875 0.8668
vn -0.6983277086763391 0.34202014332566866 -0.6287770931374197
vn 0.6691306063588583 0 -0.7431448254773941
vn 0.6983277086763391 -0.34202014332566866 0.6287770931374197
vn -0.6691306063588583 0 0.7431448254773941
vn 0.25417049972150735 0.9396926207859084 0.22885614589044828
vn -0.25417049972150735 -0.9396926207859084 -0.22885614589044828
usemtl m_c6a97510-5565-5984-e9da-25b9dd9bd427
f 20/52/13 23/51/13 21/50/13 18/49/13
f 19/56/14 20/55/14 18/54/14 17/53/14
f 24/60/15 19/59/15 17/58/15 22/57/15
f 23/64/16 24/63/16 22/62/16 21/61/16
f 22/68/17 17/67/17 18/66/17 21/65/17
f 23/72/18 20/71/18 19/70/18 24/69/18
o cube
v 0.9361051541028269 1.7362452439036788 0.5444883757076684
v 0.5271883033485918 1.8086872805858079 0.17629798950701858
v 0.8598390107673897 0.9567217216485209 0.4758180318054418
v 0.45092216001315444 1.0291637583306494 0.1076276456047921
v 0.18676810736352245 1.8086872805858079 0.5543729194686429
v 0.5956849581177577 1.7362452439036788 0.9225633056692926
v 0.11050196402808532 1.0291637583306494 0.4857025755664164
v 0.5194188147823207 0.9567217216485209 0.8538929617670661
vt 0.4309375 0.8171999999999999
vt 0.4309375 0.98
vt 0.234375 0.98
vt 0.234375 0.8171999999999999
vt 0.5090625 0.6424000000000001
vt 0.5090625 0.8200000000000001
vt 0.3125 0.8200000000000001
vt 0.3125 0.6424000000000001
vt 0.3684375 0.5972
vt 0.3684375 0.76
vt 0.171875 0.76
vt 0.171875 0.5972
vt 0.7278125 0.7024
vt 0.7278125 0.88
vt 0.53125 0.88
vt 0.53125 0.7024
vt 0.84375 0.42000000000000004
vt 0.84375 0.5800000000000001
vt 0.96875 0.5800000000000001
vt 0.96875 0.42000000000000004
vt 0.671875 0.76
vt 0.7990625 0.76
vt 0.7990625 0.5824
vt 0.671875 0.5824
vn -0.7367871184760997 0.13052619222005157 -0.663406101262432
vn 0.6691306063588583 0 -0.7431448254773941
vn 0.7367871184760997 -0.13052619222005157 0.663406101262432
vn -0.6691306063588583 0 0.7431448254773941
vn 0.09699986433759905 0.9914448613738105 0.087339070145916
vn -0.09699986433759905 -0.9914448613738105 -0.087339070145916
usemtl m_c6a97510-5565-5984-e9da-25b9dd9bd427
f 28/76/19 31/75/19 29/74/19 26/73/19
f 27/80/20 28/79/20 26/78/20 25/77/20
f 32/84/21 27/83/21 25/82/21 30/81/21
f 31/88/22 32/87/22 30/86/22 29/85/22
f 30/92/23 25/91/23 26/90/23 29/89/23
f 31/96/24 28/95/24 27/94/24 32/93/24
o cube
v 0.9572241710569867 1.06375 0.476037896560374
v 0.476037896560374 1.06375 0.04277582894301335
v 0.9572241710569867 0 0.476037896560374
v 0.476037896560374 0 0.04277582894301335
v 0.04277582894301335 1.06375 0.523962103439626
v 0.523962103439626 1.06375 0.9572241710569867
v 0.04277582894301335 0 0.523962103439626
v 0.523962103439626 0 0.9572241710569867
vt 0.3128125 0.8200000000000001
vt 0.3128125 0.6128
vt 0.046875 0.6128
vt 0.046875 0.8200000000000001
vt 0.2971875 0.4528
vt 0.2971875 0.6599999999999999
vt 0.03125 0.6599999999999999
vt 0.03125 0.4528
vt 0.4065625 0.64
vt 0.4065625 0.43279999999999996
vt 0.140625 0.43279999999999996
vt 0.140625 0.64
vt 0.4534375 0.8
vt 0.4534375 0.5928
vt 0.1875 0.5928
vt 0.1875 0.8
vt 0.859375 0.5800000000000001
vt 0.984375 0.5800000000000001
vt 0.984375 0.42000000000000004
vt 0.859375 0.42000000000000004
vt 0 1
vt 0.161875 1
vt 0.161875 0.7928
vt 0 0.7928
vn -0.7431448254773942 0 -0.6691306063588583
vn 0.6691306063588583 0 -0.7431448254773942
vn 0.7431448254773942 0 0.6691306063588583
vn -0.6691306063588583 0 0.7431448254773942
vn 0 1 0
vn 0 -1 0
usemtl m_c6a97510-5565-5984-e9da-25b9dd9bd427
f 36/100/25 39/99/25 37/98/25 34/97/25
f 35/104/26 36/103/26 34/102/26 33/101/26
f 40/108/27 35/107/27 33/106/27 38/105/27
f 39/112/28 40/111/28 38/110/28 37/109/28
f 38/116/29 33/115/29 34/114/29 37/113/29
f 39/120/30 36/119/30 35/118/30 40/117/30