# Made in Blockbench 4.8.3
mtllib tusk_s_r_2.mtl

o cube
v 1.092774788669929 2.729519927952418 0.9653042908332976
v 0.9276759841876259 2.926606440593991 0.7685471974585039
v 0.8394052519452635 2.215823640113843 0.6633502351877467
v 0.6743064474629603 2.4129101527554164 0.46659314181295297
v 0.6796690957278568 2.926606440593991 0.9766496860945211
v 0.8447679002101598 2.729519927952418 1.1734067794693148
v 0.42629955900319116 2.4129101527554164 0.6746956304489702
v 0.5913983634854942 2.215823640113843 0.8714527238237637
vt 0.828125 0.4364
vt 0.828125 0.54
vt 0.99 0.54
vt 0.99 0.4364
vt 0.703125 0.8964
vt 0.703125 1
vt 0.865 1
vt 0.865 0.8964
vt 0.78125 0.7363999999999999
vt 0.78125 0.84
vt 0.943125 0.84
vt 0.943125 0.7363999999999999
vt 0.78125 0.8764
vt 0.78125 0.98
vt 0.943125 0.98
vt 0.943125 0.8764
vt 0.875 0.54
vt 0.9559375 0.54
vt 0.9559375 0.4363999999999999
vt 0.875 0.4363999999999999
vt 0.84375 0.88
vt 0.9246875 0.88
vt 0.9246875 0.7764
vt 0.84375 0.7764
vn -0.5099576972426346 0.6087614290087207 -0.6077439177599803
vn 0.7660444431189781 0 -0.6427876096865395
vn 0.5099576972426346 -0.6087614290087207 0.6077439177599803
vn -0.7660444431189781 0 0.6427876096865395
vn 0.3913043038218775 0.7933533402912354 0.46633830987729874
vn -0.3913043038218775 -0.7933533402912354 -0.46633830987729874
usemtl m_b3089d9c-7db8-69bd-9fc9-f535b1fcb4c5
f 4/4/1 7/3/1 5/2/1 2/1/1
f 3/8/2 4/7/2 2/6/2 1/5/2
f 8/12/3 3/11/3 1/10/3 6/9/3
f 7/16/4 8/15/4 6/14/4 5/13/4
f 6/20/5 1/19/5 2/18/5 5/17/5
f 7/24/6 4/23/6 3/22/6 8/21/6
o cube
v 1.2331707983668125 2.9976175440112707 1.2084632763348953
v 1.1376238689095513 3.1747653214825347 1.0945948798928586
v 0.9974324424895151 2.6898829758738403 0.9275212438058738
v 0.9018855130322541 2.867030753345104 0.8136528473638371
v 0.9604760914382875 3.1747653214825347 1.2432395146328707
v 1.0560230208955488 2.9976175440112707 1.3571079110749074
v 0.7247377355609905 2.867030753345104 0.9622974821038495
v 0.8202846650182516 2.6898829758738403 1.076165878545886
vt 0.84375 0.44600000000000006
vt 0.84375 0.52
vt 0.9634375000000001 0.52
vt 0.9634375000000001 0.44600000000000006
vt 0.84375 0.926
vt 0.84375 1
vt 0.9634375000000001 1
vt 0.9634375000000001 0.926
vt 0.8125 0.88
vt 0.8703125 0.88
vt 0.8703125 0.7267999999999999
vt 0.8125 0.7267999999999999
vt 0.875 0.8260000000000001
vt 0.875 0.9
vt 0.9946875000000001 0.9
vt 0.9946875000000001 0.8260000000000001
vt 0.90625 0.56
vt 0.9640625 0.56
vt 0.9640625 0.486
vt 0.90625 0.486
vt 0.78125 0.92
vt 0.8390625 0.92
vt 0.8390625 0.846
vt 0.78125 0.846
vn -0.4131759111665348 0.7660444431189781 -0.492403876506104
vn 0.7660444431189781 0 -0.6427876096865393
vn 0.4131759111665348 -0.7660444431189781 0.492403876506104
vn -0.7660444431189781 0 0.6427876096865393
vn 0.49240387650610407 0.6427876096865394 0.5868240888334653
vn -0.49240387650610407 -0.6427876096865394 -0.5868240888334653
usemtl m_b3089d9c-7db8-69bd-9fc9-f535b1fcb4c5
f 12/28/7 15/27/7 13/26/7 10/25/7
f 11/32/8 12/31/8 10/30/8 9/29/8
f 16/36/9 11/35/9 9/34/9 14/33/9
f 15/40/10 16/39/10 14/38/10 13/37/10
f 14/44/11 9/43/11 10/42/11 13/41/11
f 15/48/12 12/47/12 11/46/12 16/45/12
o cube
v 1.012074062763711 2.3589016546284034 0.7835641003322791
v 0.7327135299944989 2.517085970916525 0.45063518177553763
v 0.8290520093615767 1.5766075478241346 0.5654469106663162
v 0.5496914765923644 1.7347918641122568 0.2325179921095748
v 0.41384753054622414 2.517085970916525 0.7181955243075597
v 0.6932080633154363 2.3589016546284034 1.051124442864301
v 0.23082547714408985 1.7347918641122568 0.5000783346415969
v 0.5101860099133022 1.5766075478241346 0.8330072531983381
vt 0.6925 0.8068
vt 0.6925 0.94
vt 0.484375 0.94
vt 0.484375 0.8068
vt 0.671875 0.752
vt 0.671875 0.9
vt 0.88 0.9
vt 0.88 0.752
vt 0.72375 0.8200000000000001
vt 0.72375 0.6868000000000001
vt 0.515625 0.6868000000000001
vt 0.515625 0.8200000000000001
vt 0.864375 0.92
vt 0.864375 0.772
vt 0.65625 0.772
vt 0.65625 0.92
vt 0.859375 0.42679999999999996
vt 0.859375 0.56
vt 0.975 0.56
vt 0.975 0.42679999999999996
vt 0.78125 0.8668
vt 0.78125 1
vt 0.896875 1
vt 0.896875 0.8668
vn -0.6040227735550537 0.3420201433256687 -0.7198463103929543
vn 0.7660444431189782 -2.7755575615628914e-17 -0.6427876096865394
vn 0.6040227735550537 -0.3420201433256687 0.7198463103929543
vn -0.7660444431189782 2.7755575615628914e-17 0.6427876096865394
vn 0.2198463103929541 0.9396926207859084 0.26200263022938486
vn -0.2198463103929541 -0.9396926207859084 -0.26200263022938486
usemtl m_b3089d9c-7db8-69bd-9fc9-f535b1fcb4c5
f 20/52/13 23/51/13 21/50/13 18/49/13
f 19/56/14 20/55/14 18/54/14 17/53/14
f 24/60/15 19/59/15 17/58/15 22/57/15
f 23/64/16 24/63/16 22/62/16 21/61/16
f 22/68/17 17/67/17 18/66/17 21/65/17
f 23/72/18 20/71/18 19/70/18 24/69/18
o cube
v 0.9256694235177387 1.7362452439036788 0.6047495245346397
v 0.5719743212366857 1.8086872805858079 0.18323211570821818
v 0.8597025617514544 0.9567217216485209 0.5261332800325047
v 0.5060074594704016 1.0291637583306494 0.10461587120608329
v 0.18224921079990564 1.8086872805858079 0.5102503121362449
v 0.5359443130809587 1.7362452439036788 0.9317677209626667
v 0.11628234903362134 1.0291637583306494 0.43163406763411016
v 0.4699774513146744 0.9567217216485209 0.8531514764605317
vt 0.4778125 0.7172000000000001
vt 0.4778125 0.88
vt 0.28125 0.88
vt 0.28125 0.7172000000000001
vt 0.4309375 0.7824
vt 0.4309375 0.96
vt 0.234375 0.96
vt 0.234375 0.7824
vt 0.4309375 0.8171999999999999
vt 0.4309375 0.98
vt 0.234375 0.98
vt 0.234375 0.8171999999999999
vt 0.7278125 0.7824
vt 0.7278125 0.96
vt 0.53125 0.96
vt 0.53125 0.7824
vt 0.84375 0.42000000000000004
vt 0.84375 0.5800000000000001
vt 0.96875 0.5800000000000001
vt 0.96875 0.42000000000000004
vt 0.671875 0.76
vt 0.7990625 0.76
vt 0.7990625 0.5824
vt 0.671875 0.5824
vn -0.637288472578474 0.1305261922200516 -0.759490826714273
vn 0.7660444431189781 0 -0.6427876096865394
vn 0.637288472578474 -0.1305261922200516 0.759490826714273
vn -0.7660444431189781 0 0.6427876096865394
vn 0.08390061909861271 0.9914448613738104 0.09998886423165007
vn -0.08390061909861271 -0.9914448613738104 -0.09998886423165007
usemtl m_b3089d9c-7db8-69bd-9fc9-f535b1fcb4c5
f 28/76/19 31/75/19 29/74/19 26/73/19
f 27/80/20 28/79/20 26/78/20 25/77/20
f 32/84/21 27/83/21 25/82/21 30/81/21
f 31/88/22 32/87/22 30/86/22 29/85/22
f 30/92/23 25/91/23 26/90/23 29/89/23
f 31/96/24 28/95/24 27/94/24 32/93/24
o cube
v 0.9561093770957863 1.06375 0.539904399823752
v 0.539904399823752 1.06375 0.04389062290421375
v 0.9561093770957863 0 0.539904399823752
v 0.539904399823752 0 0.04389062290421375
v 0.04389062290421375 1.06375 0.46009560017624795
v 0.46009560017624795 1.06375 0.9561093770957863
v 0.04389062290421375 0 0.46009560017624795
v 0.46009560017624795 0 0.9561093770957863
vt 0.2971875 0.76
vt 0.2971875 0.5528
vt 0.03125 0.5528
vt 0.03125 0.76
vt 0.2971875 0.7928
vt 0.2971875 1
vt 0.03125 1
vt 0.03125 0.7928
vt 0.2971875 0.7
vt 0.2971875 0.4928
vt 0.03125 0.4928
vt 0.03125 0.7
vt 0.4534375 0.98
vt 0.4534375 0.7728
vt 0.1875 0.7728
vt 0.1875 0.98
vt 0.84375 0.5800000000000001
vt 0.96875 0.5800000000000001
vt 0.96875 0.42000000000000004
vt 0.84375 0.42000000000000004
vt 0 1
vt 0.161875 1
vt 0.161875 0.7928
vt 0 0.7928
vn -0.6427876096865394 0 -0.7660444431189781
vn 0.7660444431189781 0 -0.6427876096865394
vn 0.6427876096865394 0 0.7660444431189781
vn -0.7660444431189781 0 0.6427876096865394
vn 0 1 0
vn 0 -1 0
usemtl m_b3089d9c-7db8-69bd-9fc9-f535b1fcb4c5
f 36/100/25 39/99/25 37/98/25 34/97/25
f 35/104/26 36/103/26 34/102/26 33/101/26
f 40/108/27 35/107/27 33/106/27 38/105/27
f 39/112/28 40/111/28 38/110/28 37/109/28
f 38/116/29 33/115/29 34/114/29 37/113/29
f 39/120/30 36/119/30 35/118/30 40/117/30