# Made in Blockbench 4.10.2
mtllib tusk_s_r.mtl

o cube
v 0.6679607730511252 2.4129101527554164 0.44265948624963647
v 0.4513297392424449 2.4129101527554164 0.6832526234979428
v 0.7442573833243853 2.926606440593991 0.9470058589159605
v 0.9608884171330656 2.926606440593991 0.7064127216676539
v 0.8588361421382169 2.215823640113843 0.6145244405324966
v 1.1517637862201573 2.729519927952418 0.878277675950514
v 0.6422051083295366 2.215823640113843 0.8551175777808031
v 0.935132752411477 2.729519927952418 1.1188708131988205
vt 0.30328124999999917 0.8032812499999993
vt 0.30328124999999917 0.7223437499999992
vt 0.46515624999999916 0.7223437499999992
vt 0.46515624999999916 0.8032812499999993
vt 0.20953208620279057 0.8970311350143854
vt 0.20953208620279057 0.8160931166159491
vt 0.37140688338405087 0.8160940678043549
vt 0.37140688338405087 0.8970320862027913
vt 0.27203125000000006 0.8501562499999993
vt 0.27203125000000006 0.7692187499999992
vt 0.43390625000000005 0.7692187499999992
vt 0.43390625000000005 0.8501562499999993
vt 0.2656249999999989 0.8749999999999993
vt 0.2656249999999989 0.794061981601563
vt 0.4274997971812591 0.794061030413157
vt 0.4274997971812591 0.8749990488115934
vt 0.34375000000000006 0.7159375000000007
vt 0.4246875000000001 0.7159375000000007
vt 0.4246875000000001 0.7968750000000007
vt 0.34375000000000006 0.7968750000000007
vt 0.40906249999999916 0.8593750000000007
vt 0.3281249999999991 0.8593750000000007
vt 0.3281249999999991 0.7784375000000007
vt 0.40906249999999916 0.7784375000000007
vn -0.5895764296126377 0.6087614290087209 -0.5308570016458998
vn 0.6691306063588581 3.1445919810196584e-16 -0.7431448254773944
vn 0.589576429612638 -0.6087614290087207 0.5308570016458996
vn -0.6691306063588583 0 0.7431448254773942
vn 0.45239790591805484 0.7933533402912354 0.4073409041204899
vn -0.45239790591805457 -0.7933533402912354 -0.40734090412049007
usemtl m_d491055c-0cbb-14ba-a1ff-a6f28d586848
f 1/1/1 2/2/1 3/3/1 4/4/1
f 5/5/2 1/6/2 4/7/2 6/8/2
f 7/9/3 5/10/3 6/11/3 8/12/3
f 2/13/4 7/14/4 8/15/4 3/16/4
f 8/17/5 6/18/5 4/19/5 3/20/5
f 2/21/6 1/22/6 5/23/6 7/24/6
o cube
v 0.9416264302382447 2.867030753345104 0.754668746334656
v 0.7868899775177587 2.867030753345104 0.9265209872263034
v 1.0594337177777702 3.1747653214825347 1.171920473204478
v 1.2141701704982562 3.1747653214825347 1.0000682323128305
v 1.052090921380262 2.6898829758738403 0.8541314209102313
v 1.3246346616402735 2.9976175440112707 1.0995309068884058
v 0.8973544686597761 2.6898829758738403 1.0259836618018787
v 1.1698982089197876 2.9976175440112707 1.2713831477800532
vt 0.3284374999999996 0.7815624999999993
vt 0.3284374999999996 0.7237499999999992
vt 0.44812499999999955 0.7237499999999992
vt 0.44812499999999955 0.7815624999999993
vt 0.28156263830530925 0.8753126383053091
vt 0.28156263830530925 0.8174998548389433
vt 0.4012495998934592 0.8174993957618022
vt 0.40125060423819703 0.8753109822745775
vt 0.3128124999999994 0.8596874999999993
vt 0.3128124999999994 0.8018749999999992
vt 0.43249999999999933 0.8018749999999992
vt 0.43249999999999933 0.8596874999999993
vt 0.2656250000000002 0.8437495409228586
vt 0.2656250000000002 0.7859367574564926
vt 0.385312965932888 0.7859384134872242
vt 0.3853119615881503 0.8437499999999994
vt 0.3437499999999994 0.7234375000000004
vt 0.4015624999999994 0.7234375000000004
vt 0.4015624999999994 0.7812500000000004
vt 0.3437499999999994 0.7812500000000004
vt 0.38593749999999954 0.8750000000000004
vt 0.32812499999999956 0.8750000000000004
vt 0.32812499999999956 0.8171875000000004
vt 0.38593749999999954 0.8171875000000004
vn -0.477684286019535 0.7660444431189779 -0.4301088630295155
vn 0.6691306063588583 2.507031034366314e-16 -0.7431448254773942
vn 0.4776842860195345 -0.7660444431189782 0.430108863029515
vn -0.6691306063588583 -2.5070310343663156e-16 0.7431448254773942
vn 0.569281963989581 0.6427876096865386 0.5125837827220361
vn -0.5692819639895804 -0.6427876096865396 -0.5125837827220355
usemtl m_d491055c-0cbb-14ba-a1ff-a6f28d586848
f 9/25/7 10/26/7 11/27/7 12/28/7
f 13/29/8 9/30/8 12/31/8 14/32/8
f 15/33/9 13/34/9 14/35/9 16/36/9
f 10/37/10 15/38/10 16/39/10 11/40/10
f 16/41/11 14/42/11 12/43/11 11/44/11
f 10/45/12 9/46/12 13/47/12 15/48/12
o cube
v 0.5119815820689027 1.7347918641122568 0.2282053917345872
v 0.23345596717202788 1.7347918641122568 0.5375394253395527
v 0.4450529081901826 2.517085970916525 0.7280621667933507
v 0.7235785230870575 2.517085970916525 0.4187281331883854
v 0.8349581473317094 1.5766075478241346 0.5190147973106438
v 1.0465550883498642 2.3589016546284034 0.709537538764442
v 0.5564325324348345 1.5766075478241346 0.8283488309156091
v 0.7680294734529896 2.3589016546284034 1.0188715723694073
vt 0.15109375000000086 0.8073437500000008
vt 0.15109375000000086 0.7032812500000007
vt 0.35921875000000086 0.7032812500000007
vt 0.35921875000000086 0.8073437500000008
vt 0.17250085482124985 0.8131258548212495
vt 0.1725008548212498 0.6975009554441818
vt 0.38062572658853133 0.697499273411468
vt 0.38062572658853144 0.8131241727885355
vt 0.18234375000000042 0.9010937500000007
vt 0.18234375000000042 0.7970312500000007
vt 0.3904687500000004 0.7970312500000007
vt 0.3904687500000004 0.9010937500000007
vt 0.2968750000000001 0.8124983179672858
vt 0.29687500000000006 0.696873418590218
vt 0.5049998717672814 0.6968751006229319
vt 0.5049998717672816 0.8124999999999996
vt 0.32812500000000044 0.6812500000000004
vt 0.43218750000000045 0.6812500000000004
vt 0.43218750000000045 0.7968750000000004
vt 0.32812500000000044 0.7968750000000004
vt 0.41656250000000083 0.9062500000000004
vt 0.31250000000000083 0.9062500000000004
vt 0.31250000000000083 0.7906250000000004
vt 0.41656250000000083 0.7906250000000004
vn -0.6983277086763393 0.34202014332566855 -0.6287770931374195
vn 0.6691306063588585 -3.6043276507593757e-17 -0.743144825477394
vn 0.6983277086763389 -0.3420201433256686 0.6287770931374198
vn -0.6691306063588582 1.4417310603037503e-16 0.7431448254773942
vn 0.2541704997215075 0.9396926207859085 0.2288561458904484
vn -0.2541704997215081 -0.9396926207859081 -0.2288561458904489
usemtl m_d491055c-0cbb-14ba-a1ff-a6f28d586848
f 17/49/13 18/50/13 19/51/13 20/52/13
f 21/53/14 17/54/14 20/55/14 22/56/14
f 23/57/15 21/58/15 22/59/15 24/60/15
f 18/61/16 23/62/16 24/63/16 19/64/16
f 24/65/17 22/66/17 20/67/17 19/68/17
f 18/69/18 17/70/18 21/71/18 23/72/18
o cube
v 0.45092216001315444 1.0291637583306494 0.1076276456047921
v 0.11050196402808532 1.0291637583306494 0.4857025755664164
v 0.18676810736352245 1.8086872805858079 0.5543729194686429
v 0.5271883033485918 1.8086872805858079 0.17629798950701858
v 0.8598390107673897 0.9567217216485209 0.4758180318054418
v 0.9361051541028269 1.7362452439036788 0.5444883757076684
v 0.5194188147823207 0.9567217216485209 0.8538929617670661
v 0.5956849581177577 1.7362452439036788 0.9225633056692926
vt 0.13718750000000043 0.9184375000000005
vt 0.13718750000000043 0.7912500000000005
vt 0.33375000000000044 0.7912500000000005
vt 0.33375000000000044 0.9184375000000005
vt 0.15859389928717704 0.8773438992871765
vt 0.15859389928717704 0.7385943138341781
vt 0.35515672579449037 0.7385932742055088
vt 0.3551567257944904 0.8773428596585072
vt 0.12156249999999932 0.8559375000000005
vt 0.12156249999999932 0.7287500000000005
vt 0.3181249999999993 0.7287500000000005
vt 0.3181249999999993 0.8559375000000005
vt 0.2187500000000001 0.8906239603713317
vt 0.2187500000000001 0.7518743749183333
vt 0.4153128265073135 0.7518754145470025
vt 0.4153128265073135 0.8906250000000009
vt 0.31249999999999933 0.6893750000000003
vt 0.43968749999999934 0.6893750000000003
vt 0.43968749999999934 0.8281250000000003
vt 0.31249999999999933 0.8281250000000003
vt 0.39281250000000045 0.8593750000000003
vt 0.26562500000000044 0.8593750000000003
vt 0.26562500000000044 0.7206250000000003
vt 0.39281250000000045 0.7206250000000003
vn -0.7367871184760997 0.13052619222005152 -0.663406101262432
vn 0.6691306063588582 -6.360578207222428e-17 -0.7431448254773942
vn 0.7367871184760998 -0.13052619222005177 0.6634061012624318
vn -0.6691306063588581 -1.9081734621667292e-16 0.7431448254773944
vn 0.09699986433759955 0.9914448613738105 0.0873390701459165
vn -0.09699986433759898 -0.9914448613738105 -0.08733907014591594
usemtl m_d491055c-0cbb-14ba-a1ff-a6f28d586848
f 25/73/19 26/74/19 27/75/19 28/76/19
f 29/77/20 25/78/20 28/79/20 30/80/20
f 31/81/21 29/82/21 30/83/21 32/84/21
f 26/85/22 31/86/22 32/87/22 27/88/22
f 32/89/23 30/90/23 28/91/23 27/92/23
f 26/93/24 25/94/24 29/95/24 31/96/24
o cube
v 0.476037896560374 0 0.04277582894301335
v 0.04277582894301335 0 0.523962103439626
v 0.04277582894301335 1.06375 0.523962103439626
v 0.476037896560374 1.06375 0.04277582894301335
v 0.9572241710569867 0 0.476037896560374
v 0.9572241710569867 1.06375 0.476037896560374
v 0.523962103439626 0 0.9572241710569867
v 0.523962103439626 1.06375 0.9572241710569867
vt 0.05734374999999986 0.8854687500000002
vt 0.05734374999999986 0.7235937500000003
vt 0.32328124999999985 0.7235937500000003
vt 0.32328124999999985 0.8854687500000004
vt 0.07296875000000022 0.8385937500000002
vt 0.07296875000000022 0.6767187500000003
vt 0.3389062500000002 0.6767187500000003
vt 0.3389062500000002 0.8385937500000002
vt 0.08859375000000039 0.8385937500000002
vt 0.08859375000000039 0.6767187500000003
vt 0.3545312500000004 0.6767187500000003
vt 0.3545312500000004 0.8385937500000002
vt 0.10421875 0.8854687500000002
vt 0.10421875 0.7235937500000003
vt 0.37015624999999996 0.7235937500000003
vt 0.37015624999999996 0.8854687500000004
vt 0.2968749999999998 0.6662496999882129
vt 0.4587503000117874 0.666249699988213
vt 0.4587503000117873 0.8281250000000007
vt 0.2968749999999996 0.8281250000000006
vt 0.09374999999999936 0.9375000000000004
vt 0.09374999999999939 0.7756246999882128
vt 0.255625300011787 0.7756246999882129
vt 0.25562530001178696 0.9375000000000006
vn -0.7431448254773942 0 -0.6691306063588582
vn 0.6691306063588582 0 -0.7431448254773942
vn 0.7431448254773942 0 0.6691306063588582
vn -0.6691306063588582 0 0.7431448254773942
vn 0 1 0
vn 0 -1 0
usemtl m_d491055c-0cbb-14ba-a1ff-a6f28d586848
f 33/97/25 34/98/25 35/99/25 36/100/25
f 37/101/26 33/102/26 36/103/26 38/104/26
f 39/105/27 37/106/27 38/107/27 40/108/27
f 34/109/28 39/110/28 40/111/28 35/112/28
f 40/113/29 38/114/29 36/115/29 35/116/29
f 34/117/30 33/118/30 37/119/30 39/120/30