# Made in Blockbench 4.10.2
mtllib tusk_s_r_2.mtl

o cube
v 0.6743064474629603 2.4129101527554164 0.46659314181295297
v 0.42629955900319116 2.4129101527554164 0.6746956304489702
v 0.6796690957278568 2.926606440593991 0.9766496860945211
v 0.9276759841876259 2.926606440593991 0.7685471974585039
v 0.8394052519452635 2.215823640113843 0.6633502351877467
v 1.092774788669929 2.729519927952418 0.9653042908332976
v 0.5913983634854942 2.215823640113843 0.8714527238237637
v 0.8447679002101598 2.729519927952418 1.1734067794693148
vt 0.33453124999999984 0.7251562499999992
vt 0.33453124999999984 0.6442187499999992
vt 0.4964062499999998 0.6442187499999992
vt 0.4964062499999998 0.7251562499999992
vt 0.5532820862072811 0.9595320862072804
vt 0.5532820862072811 0.8785953074188673
vt 0.7151559321855673 0.8785931166114594
vt 0.7151568833885413 0.9595311350043064
vt 0.6314062499999994 0.8345312499999991
vt 0.6314062499999994 0.7535937499999991
vt 0.7932812499999994 0.7535937499999991
vt 0.7932812499999994 0.8345312499999991
vt 0.5156249999999989 0.9374978091925932
vt 0.5156249999999988 0.85656103040418
vt 0.677499797181259 0.8565619816071539
vt 0.6774988459782849 0.9375000000000008
vt 0.37499999999999944 0.6221874999999996
vt 0.45593749999999944 0.6221874999999996
vt 0.45593749999999944 0.7031249999999996
vt 0.37499999999999944 0.7031249999999996
vt 0.7840624999999998 0.8593749999999996
vt 0.7031249999999998 0.8593749999999996
vt 0.7031249999999998 0.7784374999999996
vt 0.7840624999999998 0.7784374999999996
vn -0.5099576972426347 0.6087614290087208 -0.6077439177599802
vn 0.7660444431189779 2.317067775488169e-16 -0.6427876096865395
vn 0.5099576972426344 -0.6087614290087207 0.6077439177599806
vn -0.766044443118978 -5.296154915401531e-16 0.6427876096865395
vn 0.3913043038218772 0.7933533402912355 0.4663383098772984
vn -0.3913043038218773 -0.7933533402912354 -0.46633830987729835
usemtl m_63c89f1f-fff5-ef16-a879-357ad90f6d18
f 1/1/1 2/2/1 3/3/1 4/4/1
f 5/5/2 1/6/2 4/7/2 6/8/2
f 7/9/3 5/10/3 6/11/3 8/12/3
f 2/13/4 7/14/4 8/15/4 3/16/4
f 8/17/5 6/18/5 4/19/5 3/20/5
f 2/21/6 1/22/6 5/23/6 7/24/6
o cube
v 0.9018855130322541 2.867030753345104 0.8136528473638371
v 0.7247377355609905 2.867030753345104 0.9622974821038495
v 0.9604760914382875 3.1747653214825347 1.2432395146328707
v 1.1376238689095513 3.1747653214825347 1.0945948798928586
v 0.9974324424895151 2.6898829758738403 0.9275212438058738
v 1.2331707983668125 2.9976175440112707 1.2084632763348953
v 0.8202846650182516 2.6898829758738403 1.076165878545886
v 1.0560230208955488 2.9976175440112707 1.3571079110749074
vt 0.1878125000000001 0.6878124999999999
vt 0.1878125000000001 0.6299999999999999
vt 0.3075000000000001 0.6299999999999999
vt 0.3075000000000001 0.6878124999999999
vt 0.547188321911561 0.9534374999704112
vt 0.547188321911561 0.8956237121469168
vt 0.6668752834835643 0.8956257310208637
vt 0.666876287853083 0.953438321911561
vt 0.4846875000000006 0.8128124999999999
vt 0.4846875000000006 0.7549999999999999
vt 0.6043750000000006 0.7549999999999999
vt 0.6043750000000006 0.8128124999999999
vt 0.5781249999999982 0.8749999999999994
vt 0.5781249999999982 0.8171862121765053
vt 0.6978129659415203 0.8171853902353554
vt 0.6978119615720015 0.8749979811260529
vt 0.25000000000000056 0.6765625000000005
vt 0.3078125000000006 0.6765625000000005
vt 0.3078125000000006 0.7343750000000006
vt 0.25000000000000056 0.7343750000000006
vt 0.5421875000000002 0.9062500000000006
vt 0.4843750000000001 0.9062500000000006
vt 0.4843750000000001 0.8484375000000005
vt 0.5421875000000002 0.8484375000000005
vn -0.4131759111665355 0.7660444431189776 -0.4924038765061041
vn 0.7660444431189783 -2.507031034366313e-16 -0.6427876096865389
vn 0.4131759111665349 -0.7660444431189786 0.49240387650610334
vn -0.7660444431189782 4.387304310141052e-16 0.642787609686539
vn 0.49240387650610384 0.6427876096865389 0.5868240888334657
vn -0.4924038765061044 -0.6427876096865396 -0.5868240888334647
usemtl m_63c89f1f-fff5-ef16-a879-357ad90f6d18
f 9/25/7 10/26/7 11/27/7 12/28/7
f 13/29/8 9/30/8 12/31/8 14/32/8
f 15/33/9 13/34/9 14/35/9 16/36/9
f 10/37/10 15/38/10 16/39/10 11/40/10
f 16/41/11 14/42/11 12/43/11 11/44/11
f 10/45/12 9/46/12 13/47/12 15/48/12
o cube
v 0.5496914765923644 1.7347918641122568 0.2325179921095748
v 0.23082547714408985 1.7347918641122568 0.5000783346415969
v 0.41384753054622414 2.517085970916525 0.7181955243075597
v 0.7327135299944989 2.517085970916525 0.45063518177553763
v 0.8290520093615767 1.5766075478241346 0.5654469106663162
v 1.012074062763711 2.3589016546284034 0.7835641003322791
v 0.5101860099133022 1.5766075478241346 0.8330072531983381
v 0.6932080633154363 2.3589016546284034 1.051124442864301
vt 0.29171874999999964 0.9167187499999994
vt 0.29171874999999964 0.8126562499999994
vt 0.4998437499999997 0.8126562499999994
vt 0.4998437499999997 0.9167187499999994
vt 0.46937585482124966 0.8756258548212497
vt 0.46937585482124966 0.760000955444182
vt 0.6775007265885311 0.759999273411468
vt 0.6775007265885311 0.8756241727885359
vt 0.3229687499999998 0.8073437499999994
vt 0.3229687499999998 0.7032812499999994
vt 0.5310937499999999 0.7032812499999994
vt 0.5310937499999999 0.8073437499999994
vt 0.4531250000000002 0.9062483179672854
vt 0.4531250000000002 0.7906234185902177
vt 0.6612498717672817 0.7906251006229315
vt 0.6612498717672817 0.9062499999999992
vt 0.3124999999999999 0.6343750000000007
vt 0.41656249999999984 0.6343750000000007
vt 0.41656249999999984 0.7500000000000007
vt 0.3124999999999999 0.7500000000000007
vt 0.6978124999999996 1
vt 0.5937499999999997 1
vt 0.5937499999999997 0.884375
vt 0.6978124999999996 0.884375
vn -0.604022773555054 0.3420201433256688 -0.7198463103929541
vn 0.766044443118978 -2.8834621206074995e-16 -0.6427876096865394
vn 0.6040227735550536 -0.3420201433256685 0.7198463103929543
vn -0.7660444431189781 -1.44173106030375e-16 0.6427876096865395
vn 0.21984631039295413 0.9396926207859085 0.26200263022938514
vn -0.2198463103929548 -0.9396926207859082 -0.2620026302293855
usemtl m_63c89f1f-fff5-ef16-a879-357ad90f6d18
f 17/49/13 18/50/13 19/51/13 20/52/13
f 21/53/14 17/54/14 20/55/14 22/56/14
f 23/57/15 21/58/15 22/59/15 24/60/15
f 18/61/16 23/62/16 24/63/16 19/64/16
f 24/65/17 22/66/17 20/67/17 19/68/17
f 18/69/18 17/70/18 21/71/18 23/72/18
o cube
v 0.5060074594704016 1.0291637583306494 0.10461587120608329
v 0.11628234903362134 1.0291637583306494 0.43163406763411016
v 0.18224921079990564 1.8086872805858079 0.5102503121362449
v 0.5719743212366857 1.8086872805858079 0.18323211570821818
v 0.8597025617514544 0.9567217216485209 0.5261332800325047
v 0.9256694235177387 1.7362452439036788 0.6047495245346397
v 0.4699774513146744 0.9567217216485209 0.8531514764605317
v 0.5359443130809587 1.7362452439036788 0.9317677209626667
vt 0.23093749999999924 0.8246875000000006
vt 0.23093749999999924 0.6975000000000006
vt 0.4274999999999992 0.6975000000000006
vt 0.4274999999999992 0.8246875000000006
vt 0.18984405206303462 0.892969052063035
vt 0.18984405206303467 0.7542179174780062
vt 0.386407082521995 0.7542187159124963
vt 0.3864068785716638 0.8929683013653449
vt 0.18406250000000055 0.9184375
vt 0.18406250000000055 0.79125
vt 0.38062500000000055 0.79125
vt 0.38062500000000055 0.9184375
vt 0.48437499999999956 0.8906250000000008
vt 0.48437499999999956 0.7518738654149718
vt 0.6809378265086288 0.7518746161126619
vt 0.6809380304589598 0.8906242015655105
vt 0.43750000000000056 0.5800000000000007
vt 0.5646875000000006 0.5800000000000007
vt 0.5646875000000006 0.7187500000000008
vt 0.43750000000000056 0.7187500000000008
vt 0.39281249999999923 0.8906250000000008
vt 0.2656249999999992 0.8906250000000008
vt 0.2656249999999992 0.7518750000000007
vt 0.39281249999999923 0.7518750000000007
vn -0.6372884725784738 0.13052619222005155 -0.7594908267142731
vn 0.7660444431189782 1.5901445518056075e-16 -0.6427876096865391
vn 0.6372884725784741 -0.13052619222005185 0.7594908267142728
vn -0.7660444431189782 0 0.6427876096865394
vn 0.0839006190986132 0.9914448613738105 0.09998886423165063
vn -0.08390061909861267 -0.9914448613738105 -0.09998886423165008
usemtl m_63c89f1f-fff5-ef16-a879-357ad90f6d18
f 25/73/19 26/74/19 27/75/19 28/76/19
f 29/77/20 25/78/20 28/79/20 30/80/20
f 31/81/21 29/82/21 30/83/21 32/84/21
f 26/85/22 31/86/22 32/87/22 27/88/22
f 32/89/23 30/90/23 28/91/23 27/92/23
f 26/93/24 25/94/24 29/95/24 31/96/24
o cube
v 0.539904399823752 0 0.04389062290421375
v 0.04389062290421375 0 0.46009560017624795
v 0.04389062290421375 1.06375 0.46009560017624795
v 0.539904399823752 1.06375 0.04389062290421375
v 0.9561093770957863 0 0.539904399823752
v 0.9561093770957863 1.06375 0.539904399823752
v 0.46009560017624795 0 0.9561093770957863
v 0.46009560017624795 1.06375 0.9561093770957863
vt 0.08859375000000047 0.7292187500000002
vt 0.08859375000000047 0.5673437500000003
vt 0.35453125000000046 0.5673437500000003
vt 0.35453125000000046 0.7292187500000002
vt 0.04171874999999975 0.94796875
vt 0.04171874999999975 0.78609375
vt 0.30765624999999974 0.78609375
vt 0.30765624999999974 0.94796875
vt 0.057343749999999805 0.8073437500000002
vt 0.057343749999999805 0.6454687500000003
vt 0.3232812499999998 0.6454687500000003
vt 0.3232812499999998 0.8073437500000002
vt 0.1823437500000005 0.94796875
vt 0.1823437500000005 0.78609375
vt 0.4482812500000005 0.78609375
vt 0.4482812500000005 0.94796875
vt 0.46875 0.6037488430754414
vt 0.6306261569245577 0.6037488430754414
vt 0.6306261569245577 0.7656249999999992
vt 0.4687499999999999 0.7656249999999991
vt 8.187894806610529e-16 0.9687500000000001
vt 8.049116928532385e-16 0.8068738430754423
vt 0.1618761569245586 0.8068738430754423
vt 0.16187615692455865 0.9687500000000001
vn -0.6427876096865393 0 -0.7660444431189781
vn 0.7660444431189781 0 -0.6427876096865393
vn 0.6427876096865393 0 0.7660444431189781
vn -0.7660444431189781 0 0.6427876096865393
vn 0 1 0
vn 0 -1 0
usemtl m_63c89f1f-fff5-ef16-a879-357ad90f6d18
f 33/97/25 34/98/25 35/99/25 36/100/25
f 37/101/26 33/102/26 36/103/26 38/104/26
f 39/105/27 37/106/27 38/107/27 40/108/27
f 34/109/28 39/110/28 40/111/28 35/112/28
f 40/113/29 38/114/29 36/115/29 35/116/29
f 34/117/30 33/118/30 37/119/30 39/120/30