# Made in Blockbench 4.10.2
mtllib tusk_s_2.mtl

o cube
v 0.783826713972938 1.0291637583306494 0.22466911668551048
v 0.27701266131876245 1.0291637583306494 0.1803286325626393
v 0.26806819700841844 1.8086872805858079 0.2825643274500538
v 0.774882249662594 1.8086872805858079 0.32690481157292484
v 0.7358691010989951 0.9567217216485209 0.7728271401502576
v 0.726924636788651 1.7362452439036788 0.8750628350376717
v 0.2290550484448196 0.9567217216485209 0.7284866560273864
v 0.2201105841344756 1.7362452439036788 0.8307223509148007
vt 0.12156249999999924 0.8871875
vt 0.12156249999999924 0.76
vt 0.3181249999999992 0.76
vt 0.3181249999999992 0.8871875
vt 0.1117188992871764 0.8929688992871772
vt 0.11171889928717635 0.7542193138341787
vt 0.30828172579448976 0.7542182742055095
vt 0.30828172579448976 0.8929678596585078
vt 0.12156250000000057 0.8871875
vt 0.12156250000000057 0.76
vt 0.31812500000000055 0.76
vt 0.31812500000000055 0.8871875
vt 0.28125000000000033 0.9531239603713308
vt 0.2812500000000003 0.8143743749183324
vt 0.47781282650731366 0.8143754145470016
vt 0.4778128265073137 0.953125
vt 0.25000000000000056 0.7362500000000003
vt 0.37718750000000056 0.7362500000000003
vt 0.37718750000000056 0.8750000000000003
vt 0.25000000000000056 0.8750000000000003
vt 0.37718749999999923 0.9062500000000003
vt 0.24999999999999925 0.9062500000000003
vt 0.24999999999999925 0.7675000000000003
vt 0.37718749999999923 0.7675000000000003
vn 0.0864101132863836 0.13052619222005168 -0.9876721143508957
vn 0.9961946980917455 -4.77043365541682e-17 0.08715574274765842
vn -0.08641011328638361 -0.1305261922200513 0.9876721143508956
vn -0.9961946980917455 1.5901445518056076e-17 -0.08715574274765824
vn -0.011376107230962227 0.9914448613738105 0.13002950065172017
vn 0.011376107230962204 -0.9914448613738105 -0.1300295006517193
usemtl m_16929ce6-21ec-5335-6a92-cfeb19518e23
f 1/1/1 2/2/1 3/3/1 4/4/1
f 5/5/2 1/6/2 4/7/2 6/8/2
f 7/9/3 5/10/3 6/11/3 8/12/3
f 2/13/4 7/14/4 8/15/4 3/16/4
f 8/17/5 6/18/5 4/19/5 3/20/5
f 2/21/6 1/22/6 5/23/6 7/24/6
o cube
v 0.8507347052217569 0 0.2056986382073518
v 0.2056986382073518 0 0.14926529477824313
v 0.2056986382073518 1.06375 0.14926529477824313
v 0.8507347052217569 1.06375 0.2056986382073518
v 0.7943013617926482 0 0.8507347052217569
v 0.7943013617926482 1.06375 0.8507347052217569
v 0.14926529477824313 0 0.7943013617926482
v 0.14926529477824313 1.06375 0.7943013617926482
vt 0.07296875 0.86984375
vt 0.07296875 0.70796875
vt 0.33890624999999996 0.70796875
vt 0.33890624999999996 0.86984375
vt 0.07296875 0.86984375
vt 0.07296875 0.70796875
vt 0.33890624999999996 0.70796875
vt 0.33890624999999996 0.86984375
vt 0.02609375 0.86984375
vt 0.02609375 0.70796875
vt 0.29203124999999996 0.70796875
vt 0.29203124999999996 0.86984375
vt 0.04171875 0.86984375
vt 0.04171875 0.70796875
vt 0.30765624999999996 0.70796875
vt 0.30765624999999996 0.86984375
vt 0.21875000000000078 0.8906249999999999
vt 0.2187500000000008 0.7287495525464678
vt 0.380625447453533 0.7287495525464678
vt 0.38062544745353294 0.890625
vt 0.125 0.7599995525464678
vt 0.2868754474535322 0.7599995525464678
vt 0.2868754474535322 0.921875
vt 0.12500000000000003 0.921875
vn 0.0871557427476582 0 -0.9961946980917455
vn 0.9961946980917455 0 0.0871557427476582
vn -0.0871557427476582 0 0.9961946980917455
vn -0.9961946980917455 0 -0.0871557427476582
vn 0 1 0
vn 0 -1 0
usemtl m_16929ce6-21ec-5335-6a92-cfeb19518e23
f 9/25/7 10/26/7 11/27/7 12/28/7
f 13/29/8 9/30/8 12/31/8 14/32/8
f 15/33/9 13/34/9 14/35/9 16/36/9
f 10/37/10 15/38/10 16/39/10 11/40/10
f 16/41/11 14/42/11 12/43/11 11/44/11
f 10/45/12 9/46/12 13/47/12 15/48/12
o cube
v 0.6468754869677942 2.4129101527554164 0.5996310550433979
v 0.32435745346059164 2.4129101527554164 0.5714143833288434
v 0.29000301067094747 2.926606440593991 0.9640874612466976
v 0.6125210441781501 2.926606440593991 0.9923041329612521
v 0.6244896962111515 2.215823640113843 0.8555018142304975
v 0.5901352534215072 2.729519927952418 1.2481748921483518
v 0.3019716627039487 2.215823640113843 0.8272851425159433
v 0.26761721991430465 2.729519927952418 1.2199582204337975
vt 0.22515624999999972 0.88140625
vt 0.22515624999999972 0.80046875
vt 0.3870312499999998 0.80046875
vt 0.3870312499999998 0.88140625
vt 0.2251570862027915 0.8814061350143851
vt 0.2251570862027915 0.8004681166159487
vt 0.3870318833840517 0.8004690678043548
vt 0.3870318833840517 0.8814070862027911
vt 0.2564062499999994 0.88140625
vt 0.2564062499999994 0.80046875
vt 0.4182812499999995 0.80046875
vt 0.4182812499999995 0.88140625
vt 0.34374999999999856 0.9375
vt 0.34374999999999856 0.8565619816015636
vt 0.5056247971812589 0.8565610304131577
vt 0.5056247971812589 0.937499048811594
vt 0.29687499999999944 0.7628124999999996
vt 0.37781249999999944 0.7628124999999996
vt 0.37781249999999944 0.8437499999999996
vt 0.29687499999999944 0.8437499999999996
vt 0.3778124999999998 0.9218749999999996
vt 0.2968749999999998 0.9218749999999996
vt 0.2968749999999998 0.8409374999999996
vt 0.3778124999999998 0.8409374999999996
vn 0.06914529963441848 0.6087614290087208 -0.7903343913115047
vn 0.9961946980917455 3.061839560466511e-16 0.08715574274765772
vn -0.0691452996344179 -0.6087614290087208 0.7903343913115048
vn -0.9961946980917455 8.275242055314889e-17 -0.0871557427476582
vn -0.05305705450138064 0.7933533402912353 0.6064449079812421
vn 0.05305705450138106 -0.7933533402912353 -0.6064449079812421
usemtl m_16929ce6-21ec-5335-6a92-cfeb19518e23
f 17/49/13 18/50/13 19/51/13 20/52/13
f 21/53/14 17/54/14 20/55/14 22/56/14
f 23/57/15 21/58/15 22/59/15 24/60/15
f 18/61/16 23/62/16 24/63/16 19/64/16
f 24/65/17 22/66/17 20/67/17 19/68/17
f 18/69/18 17/70/18 21/71/18 23/72/18
o cube
v 0.5623899162163031 2.867030753345104 1.00596202683518
v 0.332019892282587 2.867030753345104 0.9858072613247839
v 0.3000560659875888 3.1747653214825347 1.351155467672991
v 0.5304260899213049 3.1747653214825347 1.371310233183387
v 0.5494346826700829 2.6898829758738403 1.1540410238629641
v 0.5174708563750847 2.9976175440112707 1.5193892302111713
v 0.3190646587363668 2.6898829758738403 1.1338862583525682
v 0.28710083244136864 2.9976175440112707 1.4992344647007754
vt 0.28156250000000016 0.8284375000000002
vt 0.28156250000000016 0.7706250000000002
vt 0.4012500000000002 0.7706250000000002
vt 0.4012500000000002 0.8284375000000002
vt 0.28156263830530914 0.8909376383053096
vt 0.28156263830530914 0.8331248548389438
vt 0.4012495998934591 0.8331243957618026
vt 0.4012506042381969 0.8909359822745779
vt 0.2815625000000005 0.8909374999999999
vt 0.2815625000000005 0.833125
vt 0.40125000000000055 0.833125
vt 0.40125000000000055 0.8909374999999999
vt 0.2500000000000009 0.9062495409228584
vt 0.2500000000000009 0.8484367574564925
vt 0.36968796593288866 0.848438413487224
vt 0.36968696158815084 0.9062499999999993
vt 0.31250000000000056 0.8484375000000002
vt 0.3703125000000005 0.8484375000000002
vt 0.3703125000000005 0.9062500000000002
vt 0.31250000000000056 0.9062500000000002
vt 0.35468750000000016 0.921875
vt 0.2968750000000002 0.921875
vt 0.2968750000000002 0.8640625
vt 0.35468750000000016 0.8640625
vn 0.05602263155122282 0.7660444431189779 -0.640341608768797
vn 0.9961946980917457 -2.5853757541902635e-16 0.0871557427476585
vn -0.05602263155122216 -0.7660444431189783 0.6403416087687965
vn -0.9961946980917455 2.1936521550705253e-16 -0.0871557427476584
vn -0.06676517241775082 0.6427876096865388 0.7631294127377701
vn 0.06676517241775153 -0.6427876096865391 -0.7631294127377698
usemtl m_16929ce6-21ec-5335-6a92-cfeb19518e23
f 25/73/19 26/74/19 27/75/19 28/76/19
f 29/77/20 25/78/20 28/79/20 30/80/20
f 31/81/21 29/82/21 30/83/21 32/84/21
f 26/85/22 31/86/22 32/87/22 27/88/22
f 32/89/23 30/90/23 28/91/23 27/92/23
f 26/93/24 25/94/24 29/95/24 31/96/24
o cube
v 0.7242755216903467 1.7347918641122568 0.3459988384409203
v 0.3096094786096576 1.7347918641122568 0.3097202605222076
v 0.2847934697708385 2.517085970916525 0.5933685394956978
v 0.6994595128515275 2.517085970916525 0.6296471174144105
v 0.686396952842768 1.5766075478241346 0.7789528615224928
v 0.6615809440039486 2.3589016546284034 1.062601140495983
v 0.2717309097620788 1.5766075478241346 0.7426742836037801
v 0.24691490092325963 2.3589016546284034 1.02632256257727
vt 0.2448437499999997 0.86984375
vt 0.2448437499999997 0.76578125
vt 0.4529687499999997 0.76578125
vt 0.4529687499999997 0.86984375
vt 0.21937558761240245 0.8756255876124026
vt 0.2193755876124024 0.760000688235335
vt 0.42750045937968384 0.7599990062026211
vt 0.4275009937973787 0.8756253738453246
vt 0.3229687499999998 0.88546875
vt 0.3229687499999998 0.78140625
vt 0.5310937499999998 0.78140625
vt 0.5310937499999998 0.88546875
vt 0.3437500000000016 0.8906233179672862
vt 0.34375000000000155 0.7749984185902186
vt 0.5518754061849778 0.7749986323572965
vt 0.551874871767283 0.890625
vt 0.2656249999999998 0.7281250000000006
vt 0.36968749999999984 0.7281250000000006
vt 0.36968749999999984 0.8437500000000006
vt 0.2656249999999998 0.8437500000000006
vt 0.3696874999999997 0.921875
vt 0.26562499999999967 0.921875
vt 0.26562499999999967 0.80625
vt 0.3696874999999997 0.80625
vn 0.0818996083190893 0.3420201433256687 -0.9361168066628592
vn 0.9961946980917457 1.9373261122831645e-16 0.0871557427476579
vn -0.08189960831908928 -0.34202014332566855 0.9361168066628593
vn -0.9961946980917457 -1.3516228690347652e-16 -0.08715574274765814
vn -0.02980901962620933 0.9396926207859085 0.34071865342161
vn 0.029809019626209212 -0.9396926207859081 -0.34071865342161084
usemtl m_16929ce6-21ec-5335-6a92-cfeb19518e23
f 33/97/25 34/98/25 35/99/25 36/100/25
f 37/101/26 33/102/26 36/103/26 38/104/26
f 39/105/27 37/106/27 38/107/27 40/108/27
f 34/109/28 39/110/28 40/111/28 35/112/28
f 40/113/29 38/114/29 36/115/29 35/116/29
f 34/117/30 33/118/30 37/119/30 39/120/30